3.0303e-2 3.0303e-2 2.33599e-5 2.33599e-5
3.0303e-2 6.06061e-2 6.71357e-5 6.71357e-5
3.0303e-2 9.09091e-2 1.11018e-4 1.11018e-4
3.0303e-2 1.21212e-1 1.3835e-4 1.3835e-4
3.0303e-2 1.51515e-1 1.2932e-4 1.2932e-4
3.0303e-2 1.81818e-1 6.13648e-5 6.13648e-5
3.0303e-2 2.12121e-1 -8.41815e-5 -8.41815e-5
3.0303e-2 2.42424e-1 -3.13769e-4 -3.13769e-4
3.0303e-2 2.72727e-1 -6.16843e-4 -6.16843e-4
3.0303e-2 3.0303e-1 -9.67308e-4 -9.67308e-4
3.0303e-2 3.33333e-1 -1.32968e-3 -1.32968e-3
3.0303e-2 3.63636e-1 -1.66661e-3 -1.66661e-3
3.0303e-2 3.93939e-1 -1.94506e-3 -1.94506e-3
3.0303e-2 4.24242e-1 -2.14004e-3 -2.14004e-3
3.0303e-2 4.54545e-1 -2.23614e-3 -2.23614e-3
3.0303e-2 4.84848e-1 -2.22775e-3 -2.22775e-3
3.0303e-2 5.15152e-1 -2.11856e-3 -2.11856e-3
3.0303e-2 5.45455e-1 -1.92092e-3 -1.92092e-3
3.0303e-2 5.75758e-1 -1.65501e-3 -1.65501e-3
3.0303e-2 6.06061e-1 -1.34755e-3 -1.34755e-3
3.0303e-2 6.36364e-1 -1.02935e-3 -1.02935e-3
3.0303e-2 6.66667e-1 -7.31075e-4 -7.31075e-4
3.0303e-2 6.9697e-1 -4.76977e-4 -4.76977e-4
3.0303e-2 7.27273e-1 -2.78436e-4 -2.78436e-4
3.0303e-2 7.57576e-1 -1.3255e-4 -1.3255e-4
3.0303e-2 7.87879e-1 -2.88235e-5 -2.88235e-5
3.0303e-2 8.18182e-1 4.41638e-5 4.41638e-5
3.0303e-2 8.48485e-1 9.73126e-5 9.73126e-5
3.0303e-2 8.78788e-1 1.34243e-4 1.34243e-4
3.0303e-2 9.09091e-1 1.21149e-4 1.21149e-4
3.0303e-2 9.39394e-1 -9.06025e-5 -9.06025e-5
3.0303e-2 9.69697e-1 -1.14351e-3 -1.14351e-3

6.06061e-2 3.0303e-2 6.50789e-5 6.50789e-5
6.06061e-2 6.06061e-2 1.70254e-4 1.70254e-4
6.06061e-2 9.09091e-2 2.57548e-4 2.57548e-4
6.06061e-2 1.21212e-1 2.78201e-4 2.78201e-4
6.06061e-2 1.51515e-1 1.81839e-4 1.81839e-4
6.06061e-2 1.81818e-1 -7.84015e-5 -7.84015e-5
6.06061e-2 2.12121e-1 -5.31188e-4 -5.31188e-4
6.06061e-2 2.42424e-1 -1.17385e-3 -1.17385e-3
6.06061e-2 2.72727e-1 -1.96939e-3 -1.96939e-3
6.06061e-2 3.0303e-1 -2.85508e-3 -2.85508e-3
6.06061e-2 3.33333e-1 -3.7566e-3 -3.7566e-3
6.06061e-2 3.63636e-1 -4.60147e-3 -4.60147e-3
6.06061e-2 3.93939e-1 -5.32801e-3 -5.32801e-3
6.06061e-2 4.24242e-1 -5.88962e-3 -5.88962e-3
6.06061e-2 4.54545e-1 -6.25539e-3 -6.25539e-3
6.06061e-2 4.84848e-1 -6.4091e-3 -6.4091e-3
6.06061e-2 5.15152e-1 -6.34763e-3 -6.34763e-3
6.06061e-2 5.45455e-1 -6.07982e-3 -6.07982e-3
6.06061e-2 5.75758e-1 -5.62582e-3 -5.62582e-3
6.06061e-2 6.06061e-1 -5.01686e-3 -5.01686e-3
6.06061e-2 6.36364e-1 -4.29467e-3 -4.29467e-3
6.06061e-2 6.66667e-1 -3.50988e-3 -3.50988e-3
6.06061e-2 6.9697e-1 -2.71853e-3 -2.71853e-3
6.06061e-2 7.27273e-1 -1.9763e-3 -1.9763e-3
6.06061e-2 7.57576e-1 -1.33075e-3 -1.33075e-3
6.06061e-2 7.87879e-1 -8.12601e-4 -8.12601e-4
6.06061e-2 8.18182e-1 -4.28896e-4 -4.28896e-4
6.06061e-2 8.48485e-1 -1.68551e-4 -1.68551e-4
6.06061e-2 8.78788e-1 -2.7816e-5 -2.7816e-5
6.06061e-2 9.09091e-1 -6.99736e-5 -6.99736e-5
6.06061e-2 9.39394e-1 -4.56574e-4 -4.56574e-4
6.06061e-2 9.69697e-1 -2.2104e-3 -2.2104e-3

9.09091e-2 3.0303e-2 1.0035e-4 1.0035e-4
9.09091e-2 6.06061e-2 2.45735e-4 2.45735e-4
9.09091e-2 9.09091e-2 3.32414e-4 3.32414e-4
9.09091e-2 1.21212e-1 2.72283e-4 2.72283e-4
9.09091e-2 1.51515e-1 -1.81338e-5 -1.81338e-5
9.09091e-2 1.81818e-1 -6.04739e-4 -6.04739e-4
9.09091e-2 2.12121e-1 -1.51275e-3 -1.51275e-3
9.09091e-2 2.42424e-1 -2.71262e-3 -2.71262e-3
9.09091e-2 2.72727e-1 -4.12497e-3 -4.12497e-3
9.09091e-2 3.0303e-1 -5.6411e-3 -5.6411e-3
9.09091e-2 3.33333e-1 -7.14629e-3 -7.14629e-3
9.09091e-2 3.63636e-1 -8.5378e-3 -8.5378e-3
9.09091e-2 3.93939e-1 -9.73422e-3 -9.73422e-3
9.09091e-2 4.24242e-1 -1.06777e-2 -1.06777e-2
9.09091e-2 4.54545e-1 -1.13319e-2 -1.13319e-2
9.09091e-2 4.84848e-1 -1.16784e-2 -1.16784e-2
9.09091e-2 5.15152e-1 -1.1713e-2 -1.1713e-2
9.09091e-2 5.45455e-1 -1.14434e-2 -1.14434e-2
9.09091e-2 5.75758e-1 -1.08878e-2 -1.08878e-2
9.09091e-2 6.06061e-1 -1.00747e-2 -1.00747e-2
9.09091e-2 6.36364e-1 -9.0438e-3 -9.0438e-3
9.09091e-2 6.66667e-1 -7.84651e-3 -7.84651e-3
9.09091e-2 6.9697e-1 -6.54649e-3 -6.54649e-3
9.09091e-2 7.27273e-1 -5.21857e-3 -5.21857e-3
9.09091e-2 7.57576e-1 -3.94508e-3 -3.94508e-3
9.09091e-2 7.87879e-1 -2.8078e-3 -2.8078e-3
9.09091e-2 8.18182e-1 -1.87432e-3 -1.87432e-3
9.09091e-2 8.48485e-1 -1.18944e-3 -1.18944e-3
9.09091e-2 8.78788e-1 -7.77416e-4 -7.77416e-4
9.09091e-2 9.09091e-1 -7.38401e-4 -7.38401e-4
9.09091e-2 9.39394e-1 -1.11947e-3 -1.11947e-3
9.09091e-2 9.69697e-1 -3.12693e-3 -3.12693e-3

1.21212e-1 3.0303e-2 1.196e-4 1.196e-4
1.21212e-1 6.06061e-2 2.66917e-4 2.66917e-4
1.21212e-1 9.09091e-2 2.88172e-4 2.88172e-4
1.21212e-1 1.21212e-1 4.90845e-5 4.90845e-5
1.21212e-1 1.51515e-1 -5.68877e-4 -5.68877e-4
1.21212e-1 1.81818e-1 -1.64061e-3 -1.64061e-3
1.21212e-1 2.12121e-1 -3.16613e-3 -3.16613e-3
1.21212e-1 2.42424e-1 -5.06447e-3 -5.06447e-3
1.21212e-1 2.72727e-1 -7.19634e-3 -7.19634e-3
1.21212e-1 3.0303e-1 -9.40099e-3 -9.40099e-3
1.21212e-1 3.33333e-1 -1.15273e-2 -1.15273e-2
1.21212e-1 3.63636e-1 -1.34526e-2 -1.34526e-2
1.21212e-1 3.93939e-1 -1.50879e-2 -1.50879e-2
1.21212e-1 4.24242e-1 -1.63755e-2 -1.63755e-2
1.21212e-1 4.54545e-1 -1.72828e-2 -1.72828e-2
1.21212e-1 4.84848e-1 -1.77957e-2 -1.77957e-2
1.21212e-1 5.15152e-1 -1.79136e-2 -1.79136e-2
1.21212e-1 5.45455e-1 -1.76461e-2 -1.76461e-2
1.21212e-1 5.75758e-1 -1.70111e-2 -1.70111e-2
1.21212e-1 6.06061e-1 -1.60356e-2 -1.60356e-2
1.21212e-1 6.36364e-1 -1.47559e-2 -1.47559e-2
1.21212e-1 6.66667e-1 -1.32201e-2 -1.32201e-2
1.21212e-1 6.9697e-1 -1.14903e-2 -1.14903e-2
1.21212e-1 7.27273e-1 -9.64416e-3 -9.64416e-3
1.21212e-1 7.57576e-1 -7.77556e-3 -7.77556e-3
1.21212e-1 7.87879e-1 -5.99334e-3 -5.99334e-3
1.21212e-1 8.18182e-1 -4.4092e-3 -4.4092e-3
1.21212e-1 8.48485e-1 -3.13806e-3 -3.13806e-3
1.21212e-1 8.78788e-1 -2.2491e-3 -2.2491e-3
1.21212e-1 9.09091e-1 -1.91594e-3 -1.91594e-3
1.21212e-1 9.39394e-1 -2.04653e-3 -2.04653e-3
1.21212e-1 9.69697e-1 -3.96284e-3 -3.96284e-3

1.51515e-1 3.0303e-2 1.23507e-4 1.23507e-4
1.51515e-1 6.06061e-2 2.28767e-4 2.28767e-4
1.51515e-1 9.09091e-2 1.04767e-4 1.04767e-4
1.51515e-1 1.21212e-1 -4.37439e-4 -4.37439e-4
1.51515e-1 1.51515e-1 -1.54549e-3 -1.54549e-3
1.51515e-1 1.81818e-1 -3.27583e-3 -3.27583e-3
1.51515e-1 2.12121e-1 -5.56736e-3 -5.56736e-3
1.51515e-1 2.42424e-1 -8.26068e-3 -8.26068e-3
1.51515e-1 2.72727e-1 -1.11471e-2 -1.11471e-2
1.51515e-1 3.0303e-1 -1.40203e-2 -1.40203e-2
1.51515e-1 3.33333e-1 -1.67088e-2 -1.67088e-2
1.51515e-1 3.63636e-1 -1.90885e-2 -1.90885e-2
1.51515e-1 3.93939e-1 -2.10795e-2 -2.10795e-2
1.51515e-1 4.24242e-1 -2.26368e-2 -2.26368e-2
1.51515e-1 4.54545e-1 -2.37391e-2 -2.37391e-2
1.51515e-1 4.84848e-1 -2.4381e-2 -2.4381e-2
1.51515e-1 5.15152e-1 -2.45665e-2 -2.45665e-2
1.51515e-1 5.45455e-1 -2.43061e-2 -2.43061e-2
1.51515e-1 5.75758e-1 -2.3616e-2 -2.3616e-2
1.51515e-1 6.06061e-1 -2.2519e-2 -2.2519e-2
1.51515e-1 6.36364e-1 -2.10459e-2 -2.10459e-2
1.51515e-1 6.66667e-1 -1.92389e-2 -1.92389e-2
1.51515e-1 6.9697e-1 -1.71543e-2 -1.71543e-2
1.51515e-1 7.27273e-1 -1.48677e-2 -1.48677e-2
1.51515e-1 7.57576e-1 -1.24735e-2 -1.24735e-2
1.51515e-1 7.87879e-1 -1.00933e-2 -1.00933e-2
1.51515e-1 8.18182e-1 -7.85612e-3 -7.85612e-3
1.51515e-1 8.48485e-1 -5.93114e-3 -5.93114e-3
1.51515e-1 8.78788e-1 -4.41588e-3 -4.41588e-3
1.51515e-1 9.09091e-1 -3.57505e-3 -3.57505e-3
1.51515e-1 9.39394e-1 -3.20134e-3 -3.20134e-3
1.51515e-1 9.69697e-1 -4.68511e-3 -4.68511e-3

1.81818e-1 3.0303e-2 1.14617e-4 1.14617e-4
1.81818e-1 6.06061e-2 1.27611e-4 1.27611e-4
1.81818e-1 9.09091e-2 -2.43135e-4 -2.43135e-4
1.81818e-1 1.21212e-1 -1.24326e-3 -1.24326e-3
1.81818e-1 1.51515e-1 -3.01766e-3 -3.01766e-3
1.81818e-1 1.81818e-1 -5.55506e-3 -5.55506e-3
1.81818e-1 2.12121e-1 -8.69605e-3 -8.69605e-3
1.81818e-1 2.42424e-1 -1.21899e-2 -1.21899e-2
1.81818e-1 2.72727e-1 -1.57679e-2 -1.57679e-2
1.81818e-1 3.0303e-1 -1.92002e-2 -1.92002e-2
1.81818e-1 3.33333e-1 -2.23203e-2 -2.23203e-2
1.81818e-1 3.63636e-1 -2.50244e-2 -2.50244e-2
1.81818e-1 3.93939e-1 -2.72564e-2 -2.72564e-2
1.81818e-1 4.24242e-1 -2.89923e-2 -2.89923e-2
1.81818e-1 4.54545e-1 -3.02258e-2 -3.02258e-2
1.81818e-1 4.84848e-1 -3.09604e-2 -3.09604e-2
1.81818e-1 5.15152e-1 -3.12031e-2 -3.12031e-2
1.81818e-1 5.45455e-1 -3.09642e-2 -3.09642e-2
1.81818e-1 5.75758e-1 -3.02556e-2 -3.02556e-2
1.81818e-1 6.06061e-1 -2.90934e-2 -2.90934e-2
1.81818e-1 6.36364e-1 -2.74992e-2 -2.74992e-2
1.81818e-1 6.66667e-1 -2.55056e-2 -2.55056e-2
1.81818e-1 6.9697e-1 -2.31574e-2 -2.31574e-2
1.81818e-1 7.27273e-1 -2.05231e-2 -2.05231e-2
1.81818e-1 7.57576e-1 -1.76887e-2 -1.76887e-2
1.81818e-1 7.87879e-1 -1.47821e-2 -1.47821e-2
1.81818e-1 8.18182e-1 -1.19323e-2 -1.19323e-2
1.81818e-1 8.48485e-1 -9.34714e-3 -9.34714e-3
1.81818e-1 8.78788e-1 -7.12897e-3 -7.12897e-3
1.81818e-1 9.09091e-1 -5.62952e-3 -5.62952e-3
1.81818e-1 9.39394e-1 -4.57143e-3 -4.57143e-3
1.81818e-1 9.69697e-1 -5.4472e-3 -5.4472e-3

2.12121e-1 3.0303e-2 9.14056e-5 9.14056e-5
2.12121e-1 6.06061e-2 -5.26166e-5 -5.26166e-5
2.12121e-1 9.09091e-2 -8.00614e-4 -8.00614e-4
2.12121e-1 1.21212e-1 -2.42777e-3 -2.42777e-3
2.12121e-1 1.51515e-1 -5.01194e-3 -5.01194e-3
2.12121e-1 1.81818e-1 -8.4261e-3 -8.4261e-3
2.12121e-1 2.12121e-1 -1.23974e-2 -1.23974e-2
2.12121e-1 2.42424e-1 -1.6595e-2 -1.6595e-2
2.12121e-1 2.72727e-1 -2.07173e-2 -2.07173e-2
2.12121e-1 3.0303e-1 -2.45426e-2 -2.45426e-2
2.12121e-1 3.33333e-1 -2.79352e-2 -2.79352e-2
2.12121e-1 3.63636e-1 -3.08277e-2 -3.08277e-2
2.12121e-1 3.93939e-1 -3.31951e-2 -3.31951e-2
2.12121e-1 4.24242e-1 -3.50346e-2 -3.50346e-2
2.12121e-1 4.54545e-1 -3.63519e-2 -3.63519e-2
2.12121e-1 4.84848e-1 -3.71553e-2 -3.71553e-2
2.12121e-1 5.15152e-1 -3.74521e-2 -3.74521e-2
2.12121e-1 5.45455e-1 -3.72502e-2 -3.72502e-2
2.12121e-1 5.75758e-1 -3.65563e-2 -3.65563e-2
2.12121e-1 6.06061e-1 -3.53806e-2 -3.53806e-2
2.12121e-1 6.36364e-1 -3.37349e-2 -3.37349e-2
2.12121e-1 6.66667e-1 -3.16412e-2 -3.16412e-2
2.12121e-1 6.9697e-1 -2.91283e-2 -2.91283e-2
2.12121e-1 7.27273e-1 -2.62522e-2 -2.62522e-2
2.12121e-1 7.57576e-1 -2.30803e-2 -2.30803e-2
2.12121e-1 7.87879e-1 -1.97392e-2 -1.97392e-2
2.12121e-1 8.18182e-1 -1.63447e-2 -1.63447e-2
2.12121e-1 8.48485e-1 -1.3131e-2 -1.3131e-2
2.12121e-1 8.78788e-1 -1.01932e-2 -1.01932e-2
2.12121e-1 9.09091e-1 -7.948e-3 -7.948e-3
2.12121e-1 9.39394e-1 -6.07951e-3 -6.07951e-3
2.12121e-1 9.69697e-1 -6.10055e-3 -6.10055e-3

2.42424e-1 3.0303e-2 4.69111e-5 4.69111e-5
2.42424e-1 6.06061e-2 -3.41673e-4 -3.41673e-4
2.42424e-1 9.09091e-2 -1.61664e-3 -1.61664e-3
2.42424e-1 1.21212e-1 -4.00782e-3 -4.00782e-3
2.42424e-1 1.51515e-1 -7.4619e-3 -7.4619e-3
2.42424e-1 1.81818e-1 -1.17207e-2 -1.17207e-2
2.42424e-1 2.12121e-1 -1.64105e-2 -1.64105e-2
2.42424e-1 2.42424e-1 -2.11482e-2 -2.11482e-2
2.42424e-1 2.72727e-1 -2.56346e-2 -2.56346e-2
2.42424e-1 3.0303e-1 -2.96861e-2 -2.96861e-2
2.42424e-1 3.33333e-1 -3.32164e-2 -3.32164e-2
2.42424e-1 3.63636e-1 -3.62003e-2 -3.62003e-2
2.42424e-1 3.93939e-1 -3.86397e-2 -3.86397e-2
2.42424e-1 4.24242e-1 -4.05461e-2 -4.05461e-2
2.42424e-1 4.54545e-1 -4.19287e-2 -4.19287e-2
2.42424e-1 4.84848e-1 -4.27948e-2 -4.27948e-2
2.42424e-1 5.15152e-1 -4.31477e-2 -4.31477e-2
2.42424e-1 5.45455e-1 -4.29918e-2 -4.29918e-2
2.42424e-1 5.75758e-1 -4.23296e-2 -4.23296e-2
2.42424e-1 6.06061e-1 -4.11684e-2 -4.11684e-2
2.42424e-1 6.36364e-1 -3.9513e-2 -3.9513e-2
2.42424e-1 6.66667e-1 -3.7379e-2 -3.7379e-2
2.42424e-1 6.9697e-1 -3.47793e-2 -3.47793e-2
2.42424e-1 7.27273e-1 -3.17557e-2 -3.17557e-2
2.42424e-1 7.57576e-1 -2.83494e-2 -2.83494e-2
2.42424e-1 7.87879e-1 -2.46749e-2 -2.46749e-2
2.42424e-1 8.18182e-1 -2.08243e-2 -2.08243e-2
2.42424e-1 8.48485e-1 -1.70437e-2 -1.70437e-2
2.42424e-1 8.78788e-1 -1.34158e-2 -1.34158e-2
2.42424e-1 9.09091e-1 -1.04093e-2 -1.04093e-2
2.42424e-1 9.39394e-1 -7.69465e-3 -7.69465e-3
2.42424e-1 9.69697e-1 -6.91222e-3 -6.91222e-3

2.72727e-1 3.0303e-2 -2.9195e-5 -2.9195e-5
2.72727e-1 6.06061e-2 -7.72802e-4 -7.72802e-4
2.72727e-1 9.09091e-2 -2.70621e-3 -2.70621e-3
2.72727e-1 1.21212e-1 -5.91973e-3 -5.91973e-3
2.72727e-1 1.51515e-1 -1.02103e-2 -1.02103e-2
2.72727e-1 1.81818e-1 -1.52051e-2 -1.52051e-2
2.72727e-1 2.12121e-1 -2.04534e-2 -2.04534e-2
2.72727e-1 2.42424e-1 -2.55531e-2 -2.55531e-2
2.72727e-1 2.72727e-1 -3.02414e-2 -3.02414e-2
2.72727e-1 3.0303e-1 -3.43959e-2 -3.43959e-2
2.72727e-1 3.33333e-1 -3.79854e-2 -3.79854e-2
2.72727e-1 3.63636e-1 -4.10201e-2 -4.10201e-2
2.72727e-1 3.93939e-1 -4.35178e-2 -4.35178e-2
2.72727e-1 4.24242e-1 -4.5492e-2 -4.5492e-2
2.72727e-1 4.54545e-1 -4.69469e-2 -4.69469e-2
2.72727e-1 4.84848e-1 -4.78829e-2 -4.78829e-2
2.72727e-1 5.15152e-1 -4.82965e-2 -4.82965e-2
2.72727e-1 5.45455e-1 -4.81881e-2 -4.81881e-2
2.72727e-1 5.75758e-1 -4.75574e-2 -4.75574e-2
2.72727e-1 6.06061e-1 -4.64119e-2 -4.64119e-2
2.72727e-1 6.36364e-1 -4.4755e-2 -4.4755e-2
2.72727e-1 6.66667e-1 -4.26012e-2 -4.26012e-2
2.72727e-1 6.9697e-1 -3.99533e-2 -3.99533e-2
2.72727e-1 7.27273e-1 -3.68419e-2 -3.68419e-2
2.72727e-1 7.57576e-1 -3.3281e-2 -3.3281e-2
2.72727e-1 7.87879e-1 -2.93649e-2 -2.93649e-2
2.72727e-1 8.18182e-1 -2.51515e-2 -2.51515e-2
2.72727e-1 8.48485e-1 -2.08848e-2 -2.08848e-2
2.72727e-1 8.78788e-1 -1.66275e-2 -1.66275e-2
2.72727e-1 9.09091e-1 -1.28837e-2 -1.28837e-2
2.72727e-1 9.39394e-1 -9.31772e-3 -9.31772e-3
2.72727e-1 9.69697e-1 -7.53513e-3 -7.53513e-3

3.0303e-1 3.0303e-2 -1.48381e-4 -1.48381e-4
3.0303e-1 6.06061e-2 -1.36324e-3 -1.36324e-3
3.0303e-1 9.09091e-2 -4.02275e-3 -4.02275e-3
3.0303e-1 1.21212e-1 -8.03138e-3 -8.03138e-3
3.0303e-1 1.51515e-1 -1.30618e-2 -1.30618e-2
3.0303e-1 1.81818e-1 -1.8649e-2 -1.8649e-2
3.0303e-1 2.12121e-1 -2.42897e-2 -2.42897e-2
3.0303e-1 2.42424e-1 -2.95971e-2 -2.95971e-2
3.0303e-1 2.72727e-1 -3.43736e-2 -3.43736e-2
3.0303e-1 3.0303e-1 -3.85675e-2 -3.85675e-2
3.0303e-1 3.33333e-1 -4.21952e-2 -4.21952e-2
3.0303e-1 3.63636e-1 -4.52868e-2 -4.52868e-2
3.0303e-1 3.93939e-1 -4.78619e-2 -4.78619e-2
3.0303e-1 4.24242e-1 -4.99258e-2 -4.99258e-2
3.0303e-1 4.54545e-1 -5.14717e-2 -5.14717e-2
3.0303e-1 4.84848e-1 -5.24903e-2 -5.24903e-2
3.0303e-1 5.15152e-1 -5.297e-2 -5.297e-2
3.0303e-1 5.45455e-1 -5.29071e-2 -5.29071e-2
3.0303e-1 5.75758e-1 -5.22993e-2 -5.22993e-2
3.0303e-1 6.06061e-1 -5.11563e-2 -5.11563e-2
3.0303e-1 6.36364e-1 -4.94837e-2 -4.94837e-2
3.0303e-1 6.66667e-1 -4.73004e-2 -4.73004e-2
3.0303e-1 6.9697e-1 -4.4607e-2 -4.4607e-2
3.0303e-1 7.27273e-1 -4.14288e-2 -4.14288e-2
3.0303e-1 7.57576e-1 -3.77582e-2 -3.77582e-2
3.0303e-1 7.87879e-1 -3.36668e-2 -3.36668e-2
3.0303e-1 8.18182e-1 -2.9174e-2 -2.9174e-2
3.0303e-1 8.48485e-1 -2.45052e-2 -2.45052e-2
3.0303e-1 8.78788e-1 -1.97039e-2 -1.97039e-2
3.0303e-1 9.09091e-1 -1.52874e-2 -1.52874e-2
3.0303e-1 9.39394e-1 -1.09602e-2 -1.09602e-2
3.0303e-1 9.69697e-1 -8.42321e-3 -8.42321e-3

3.33333e-1 3.0303e-2 -3.22769e-4 -3.22769e-4
3.33333e-1 6.06061e-2 -2.09399e-3 -2.09399e-3
3.33333e-1 9.09091e-2 -5.46764e-3 -5.46764e-3
3.33333e-1 1.21212e-1 -1.01865e-2 -1.01865e-2
3.33333e-1 1.51515e-1 -1.58321e-2 -1.58321e-2
3.33333e-1 1.81818e-1 -2.18636e-2 -2.18636e-2
3.33333e-1 2.12121e-1 -2.77516e-2 -2.77516e-2
3.33333e-1 2.42424e-1 -3.31568e-2 -3.31568e-2
3.33333e-1 2.72727e-1 -3.79636e-2 -3.79636e-2
3.33333e-1 3.0303e-1 -4.21848e-2 -4.21848e-2
3.33333e-1 3.33333e-1 -4.58664e-2 -4.58664e-2
3.33333e-1 3.63636e-1 -4.90426e-2 -4.90426e-2
3.33333e-1 3.93939e-1 -5.17236e-2 -5.17236e-2
3.33333e-1 4.24242e-1 -5.39012e-2 -5.39012e-2
3.33333e-1 4.54545e-1 -5.55565e-2 -5.55565e-2
3.33333e-1 4.84848e-1 -5.66693e-2 -5.66693e-2
3.33333e-1 5.15152e-1 -5.72206e-2 -5.72206e-2
3.33333e-1 5.45455e-1 -5.72019e-2 -5.72019e-2
3.33333e-1 5.75758e-1 -5.66093e-2 -5.66093e-2
3.33333e-1 6.06061e-1 -5.54546e-2 -5.54546e-2
3.33333e-1 6.36364e-1 -5.37476e-2 -5.37476e-2
3.33333e-1 6.66667e-1 -5.15139e-2 -5.15139e-2
3.33333e-1 6.9697e-1 -4.87583e-2 -4.87583e-2
3.33333e-1 7.27273e-1 -4.55075e-2 -4.55075e-2
3.33333e-1 7.57576e-1 -4.17421e-2 -4.17421e-2
3.33333e-1 7.87879e-1 -3.75133e-2 -3.75133e-2
3.33333e-1 8.18182e-1 -3.28042e-2 -3.28042e-2
3.33333e-1 8.48485e-1 -2.78098e-2 -2.78098e-2
3.33333e-1 8.78788e-1 -2.25465e-2 -2.25465e-2
3.33333e-1 9.09091e-1 -1.75304e-2 -1.75304e-2
3.33333e-1 9.39394e-1 -1.24617e-2 -1.24617e-2
3.33333e-1 9.69697e-1 -8.97687e-3 -8.97687e-3

3.63636e-1 3.0303e-2 -5.60047e-4 -5.60047e-4
3.63636e-1 6.06061e-2 -2.90827e-3 -2.90827e-3
3.63636e-1 9.09091e-2 -6.92197e-3 -6.92197e-3
3.63636e-1 1.21212e-1 -1.2238e-2 -1.2238e-2
3.63636e-1 1.51515e-1 -1.83683e-2 -1.83683e-2
3.63636e-1 1.81818e-1 -2.47115e-2 -2.47115e-2
3.63636e-1 2.12121e-1 -3.07385e-2 -3.07385e-2
3.63636e-1 2.42424e-1 -3.61796e-2 -3.61796e-2
3.63636e-1 2.72727e-1 -4.10019e-2 -4.10019e-2
3.63636e-1 3.0303e-1 -4.52657e-2 -4.52657e-2
3.63636e-1 3.33333e-1 -4.90282e-2 -4.90282e-2
3.63636e-1 3.63636e-1 -5.23156e-2 -5.23156e-2
3.63636e-1 3.93939e-1 -5.51246e-2 -5.51246e-2
3.63636e-1 4.24242e-1 -5.74328e-2 -5.74328e-2
3.63636e-1 4.54545e-1 -5.92097e-2 -5.92097e-2
3.63636e-1 4.84848e-1 -6.04253e-2 -6.04253e-2
3.63636e-1 5.15152e-1 -6.10536e-2 -6.10536e-2
3.63636e-1 5.45455e-1 -6.10808e-2 -6.10808e-2
3.63636e-1 5.75758e-1 -6.05014e-2 -6.05014e-2
3.63636e-1 6.06061e-1 -5.93279e-2 -5.93279e-2
3.63636e-1 6.36364e-1 -5.75744e-2 -5.75744e-2
3.63636e-1 6.66667e-1 -5.52735e-2 -5.52735e-2
3.63636e-1 6.9697e-1 -5.24376e-2 -5.24376e-2
3.63636e-1 7.27273e-1 -4.90994e-2 -4.90994e-2
3.63636e-1 7.57576e-1 -4.52375e-2 -4.52375e-2
3.63636e-1 7.87879e-1 -4.08887e-2 -4.08887e-2
3.63636e-1 8.18182e-1 -3.60077e-2 -3.60077e-2
3.63636e-1 8.48485e-1 -3.07535e-2 -3.07535e-2
3.63636e-1 8.78788e-1 -2.51189e-2 -2.51189e-2
3.63636e-1 9.09091e-1 -1.9604e-2 -1.9604e-2
3.63636e-1 9.39394e-1 -1.39791e-2 -1.39791e-2
3.63636e-1 9.69697e-1 -9.91372e-3 -9.91372e-3

3.93939e-1 3.0303e-2 -8.50177e-4 -8.50177e-4
3.93939e-1 6.06061e-2 -3.72753e-3 -3.72753e-3
3.93939e-1 9.09091e-2 -8.2705e-3 -8.2705e-3
3.93939e-1 1.21212e-1 -1.40613e-2 -1.40613e-2
3.93939e-1 1.51515e-1 -2.0555e-2 -2.0555e-2
3.93939e-1 1.81818e-1 -2.71045e-2 -2.71045e-2
3.93939e-1 2.12121e-1 -3.32005e-2 -3.32005e-2
3.93939e-1 2.42424e-1 -3.86518e-2 -3.86518e-2
3.93939e-1 2.72727e-1 -4.34973e-2 -4.34973e-2
3.93939e-1 3.0303e-1 -4.78248e-2 -4.78248e-2
3.93939e-1 3.33333e-1 -5.16891e-2 -5.16891e-2
3.93939e-1 3.63636e-1 -5.5104e-2 -5.5104e-2
3.93939e-1 3.93939e-1 -5.80519e-2 -5.80519e-2
3.93939e-1 4.24242e-1 -6.04983e-2 -6.04983e-2
3.93939e-1 4.54545e-1 -6.24029e-2 -6.24029e-2
3.93939e-1 4.84848e-1 -6.37269e-2 -6.37269e-2
3.93939e-1 5.15152e-1 -6.44374e-2 -6.44374e-2
3.93939e-1 5.45455e-1 -6.45152e-2 -6.45152e-2
3.93939e-1 5.75758e-1 -6.39524e-2 -6.39524e-2
3.93939e-1 6.06061e-1 -6.27614e-2 -6.27614e-2
3.93939e-1 6.36364e-1 -6.09602e-2 -6.09602e-2
3.93939e-1 6.66667e-1 -5.85864e-2 -5.85864e-2
3.93939e-1 6.9697e-1 -5.56618e-2 -5.56618e-2
3.93939e-1 7.27273e-1 -5.22259e-2 -5.22259e-2
3.93939e-1 7.57576e-1 -4.82631e-2 -4.82631e-2
3.93939e-1 7.87879e-1 -4.38016e-2 -4.38016e-2
3.93939e-1 8.18182e-1 -3.87776e-2 -3.87776e-2
3.93939e-1 8.48485e-1 -3.33125e-2 -3.33125e-2
3.93939e-1 8.78788e-1 -2.73719e-2 -2.73719e-2
3.93939e-1 9.09091e-1 -2.14203e-2 -2.14203e-2
3.93939e-1 9.39394e-1 -1.52162e-2 -1.52162e-2
3.93939e-1 9.69697e-1 -1.03386e-2 -1.03386e-2

4.24242e-1 3.0303e-2 -1.16012e-3 -1.16012e-3
4.24242e-1 6.06061e-2 -4.46779e-3 -4.46779e-3
4.24242e-1 9.09091e-2 -9.41277e-3 -9.41277e-3
4.24242e-1 1.21212e-1 -1.55582e-2 -1.55582e-2
4.24242e-1 1.51515e-1 -2.23106e-2 -2.23106e-2
4.24242e-1 1.81818e-1 -2.89898e-2 -2.89898e-2
4.24242e-1 2.12121e-1 -3.51163e-2 -3.51163e-2
4.24242e-1 2.42424e-1 -4.05736e-2 -4.05736e-2
4.24242e-1 2.72727e-1 -4.54556e-2 -4.54556e-2
4.24242e-1 3.0303e-1 -4.98614e-2 -4.98614e-2
4.24242e-1 3.33333e-1 -5.38366e-2 -5.38366e-2
4.24242e-1 3.63636e-1 -5.73826e-2 -5.73826e-2
4.24242e-1 3.93939e-1 -6.04697e-2 -6.04697e-2
4.24242e-1 4.24242e-1 -6.3054e-2 -6.3054e-2
4.24242e-1 4.54545e-1 -6.50871e-2 -6.50871e-2
4.24242e-1 4.84848e-1 -6.65221e-2 -6.65221e-2
4.24242e-1 5.15152e-1 -6.73195e-2 -6.73195e-2
4.24242e-1 5.45455e-1 -6.74544e-2 -6.74544e-2
4.24242e-1 5.75758e-1 -6.69162e-2 -6.69162e-2
4.24242e-1 6.06061e-1 -6.57165e-2 -6.57165e-2
4.24242e-1 6.36364e-1 -6.3876e-2 -6.3876e-2
4.24242e-1 6.66667e-1 -6.14365e-2 -6.14365e-2
4.24242e-1 6.9697e-1 -5.84277e-2 -5.84277e-2
4.24242e-1 7.27273e-1 -5.48963e-2 -5.48963e-2
4.24242e-1 7.57576e-1 -5.08357e-2 -5.08357e-2
4.24242e-1 7.87879e-1 -4.62715e-2 -4.62715e-2
4.24242e-1 8.18182e-1 -4.11316e-2 -4.11316e-2
4.24242e-1 8.48485e-1 -3.5505e-2 -3.5505e-2
4.24242e-1 8.78788e-1 -2.93404e-2 -2.93404e-2
4.24242e-1 9.09091e-1 -2.30724e-2 -2.30724e-2
4.24242e-1 9.39394e-1 -1.65444e-2 -1.65444e-2
4.24242e-1 9.69697e-1 -1.13003e-2 -1.13003e-2

4.54545e-1 3.0303e-2 -1.44392e-3 -1.44392e-3
4.54545e-1 6.06061e-2 -5.05175e-3 -5.05175e-3
4.54545e-1 9.09091e-2 -1.02669e-2 -1.02669e-2
4.54545e-1 1.21212e-1 -1.66539e-2 -1.66539e-2
4.54545e-1 1.51515e-1 -2.35787e-2 -2.35787e-2
4.54545e-1 1.81818e-1 -3.03371e-2 -3.03371e-2
4.54545e-1 2.12121e-1 -3.64775e-2 -3.64775e-2
4.54545e-1 2.42424e-1 -4.19453e-2 -4.19453e-2
4.54545e-1 2.72727e-1 -4.6873e-2 -4.6873e-2
4.54545e-1 3.0303e-1 -5.13605e-2 -5.13605e-2
4.54545e-1 3.33333e-1 -5.54436e-2 -5.54436e-2
4.54545e-1 3.63636e-1 -5.91136e-2 -5.91136e-2
4.54545e-1 3.93939e-1 -6.23315e-2 -6.23315e-2
4.54545e-1 4.24242e-1 -6.50467e-2 -6.50467e-2
4.54545e-1 4.54545e-1 -6.7204e-2 -6.7204e-2
4.54545e-1 4.84848e-1 -6.87496e-2 -6.87496e-2
4.54545e-1 5.15152e-1 -6.96376e-2 -6.96376e-2
4.54545e-1 5.45455e-1 -6.98373e-2 -6.98373e-2
4.54545e-1 5.75758e-1 -6.93353e-2 -6.93353e-2
4.54545e-1 6.06061e-1 -6.81416e-2 -6.81416e-2
4.54545e-1 6.36364e-1 -6.6279e-2 -6.6279e-2
4.54545e-1 6.66667e-1 -6.37918e-2 -6.37918e-2
4.54545e-1 6.9697e-1 -6.07165e-2 -6.07165e-2
4.54545e-1 7.27273e-1 -5.71047e-2 -5.71047e-2
4.54545e-1 7.57576e-1 -5.29603e-2 -5.29603e-2
4.54545e-1 7.87879e-1 -4.83077e-2 -4.83077e-2
4.54545e-1 8.18182e-1 -4.30738e-2 -4.30738e-2
4.54545e-1 8.48485e-1 -3.7318e-2 -3.7318e-2
4.54545e-1 8.78788e-1 -3.09706e-2 -3.09706e-2
4.54545e-1 9.09091e-1 -2.4411e-2 -2.4411e-2
4.54545e-1 9.39394e-1 -1.746e-2 -1.746e-2
4.54545e-1 9.69697e-1 -1.15464e-2 -1.15464e-2

4.84848e-1 3.0303e-2 -1.65514e-3 -1.65514e-3
4.84848e-1 6.06061e-2 -5.41584e-3 -5.41584e-3
4.84848e-1 9.09091e-2 -1.07696e-2 -1.07696e-2
4.84848e-1 1.21212e-1 -1.72922e-2 -1.72922e-2
4.84848e-1 1.51515e-1 -2.43196e-2 -2.43196e-2
4.84848e-1 1.81818e-1 -3.11267e-2 -3.11267e-2
4.84848e-1 2.12121e-1 -3.72783e-2 -3.72783e-2
4.84848e-1 2.42424e-1 -4.27628e-2 -4.27628e-2
4.84848e-1 2.72727e-1 -4.77377e-2 -4.77377e-2
4.84848e-1 3.0303e-1 -5.23002e-2 -5.23002e-2
4.84848e-1 3.33333e-1 -5.64784e-2 -5.64784e-2
4.84848e-1 3.63636e-1 -6.02568e-2 -6.02568e-2
4.84848e-1 3.93939e-1 -6.35901e-2 -6.35901e-2
4.84848e-1 4.24242e-1 -6.64231e-2 -6.64231e-2
4.84848e-1 4.54545e-1 -6.86956e-2 -6.86956e-2
4.84848e-1 4.84848e-1 -7.03478e-2 -7.03478e-2
4.84848e-1 5.15152e-1 -7.1328e-2 -7.1328e-2
4.84848e-1 5.45455e-1 -7.16005e-2 -7.16005e-2
4.84848e-1 5.75758e-1 -7.1149e-2 -7.1149e-2
4.84848e-1 6.06061e-1 -6.9981e-2 -6.9981e-2
4.84848e-1 6.36364e-1 -6.81209e-2 -6.81209e-2
4.84848e-1 6.66667e-1 -6.56137e-2 -6.56137e-2
4.84848e-1 6.9697e-1 -6.25014e-2 -6.25014e-2
4.84848e-1 7.27273e-1 -5.88389e-2 -5.88389e-2
4.84848e-1 7.57576e-1 -5.46392e-2 -5.46392e-2
4.84848e-1 7.87879e-1 -4.99277e-2 -4.99277e-2
4.84848e-1 8.18182e-1 -4.46363e-2 -4.46363e-2
4.84848e-1 8.48485e-1 -3.8804e-2 -3.8804e-2
4.84848e-1 8.78788e-1 -3.23588e-2 -3.23588e-2
4.84848e-1 9.09091e-1 -2.56527e-2 -2.56527e-2
4.84848e-1 9.39394e-1 -1.86022e-2 -1.86022e-2
4.84848e-1 9.69697e-1 -1.2535e-2 -1.2535e-2

5.15152e-1 3.0303e-2 -1.75499e-3 -1.75499e-3
5.15152e-1 6.06061e-2 -5.51349e-3 -5.51349e-3
5.15152e-1 9.09091e-2 -1.08744e-2 -1.08744e-2
5.15152e-1 1.21212e-1 -1.74314e-2 -1.74314e-2
5.15152e-1 1.51515e-1 -2.45031e-2 -2.45031e-2
5.15152e-1 1.81818e-1 -3.13429e-2 -3.13429e-2
5.15152e-1 2.12121e-1 -3.75115e-2 -3.75115e-2
5.15152e-1 2.42424e-1 -4.30177e-2 -4.30177e-2
5.15152e-1 2.72727e-1 -4.80349e-2 -4.80349e-2
5.15152e-1 3.0303e-1 -5.26583e-2 -5.26583e-2
5.15152e-1 3.33333e-1 -5.69119e-2 -5.69119e-2
5.15152e-1 3.63636e-1 -6.07772e-2 -6.07772e-2
5.15152e-1 3.93939e-1 -6.42048e-2 -6.42048e-2
5.15152e-1 4.24242e-1 -6.71372e-2 -6.71372e-2
5.15152e-1 4.54545e-1 -6.95109e-2 -6.95109e-2
5.15152e-1 4.84848e-1 -7.12616e-2 -7.12616e-2
5.15152e-1 5.15152e-1 -7.23336e-2 -7.23336e-2
5.15152e-1 5.45455e-1 -7.26866e-2 -7.26866e-2
5.15152e-1 5.75758e-1 -7.23014e-2 -7.23014e-2
5.15152e-1 6.06061e-1 -7.11829e-2 -7.11829e-2
5.15152e-1 6.36364e-1 -6.93555e-2 -6.93555e-2
5.15152e-1 6.66667e-1 -6.68635e-2 -6.68635e-2
5.15152e-1 6.9697e-1 -6.37523e-2 -6.37523e-2
5.15152e-1 7.27273e-1 -6.00773e-2 -6.00773e-2
5.15152e-1 7.57576e-1 -5.58587e-2 -5.58587e-2
5.15152e-1 7.87879e-1 -5.1121e-2 -5.1121e-2
5.15152e-1 8.18182e-1 -4.58022e-2 -4.58022e-2
5.15152e-1 8.48485e-1 -3.99219e-2 -3.99219e-2
5.15152e-1 8.78788e-1 -3.33999e-2 -3.33999e-2
5.15152e-1 9.09091e-1 -2.65265e-2 -2.65265e-2
5.15152e-1 9.39394e-1 -1.91837e-2 -1.91837e-2
5.15152e-1 9.69697e-1 -1.25635e-2 -1.25635e-2

5.45455e-1 3.0303e-2 -1.71702e-3 -1.71702e-3
5.45455e-1 6.06061e-2 -5.31675e-3 -5.31675e-3
5.45455e-1 9.09091e-2 -1.0552e-2 -1.0552e-2
5.45455e-1 1.21212e-1 -1.7042e-2 -1.7042e-2
5.45455e-1 1.51515e-1 -2.41044e-2 -2.41044e-2
5.45455e-1 1.81818e-1 -3.09693e-2 -3.09693e-2
5.45455e-1 2.12121e-1 -3.71669e-2 -3.71669e-2
5.45455e-1 2.42424e-1 -4.27001e-2 -4.27001e-2
5.45455e-1 2.72727e-1 -4.77514e-2 -4.77514e-2
5.45455e-1 3.0303e-1 -5.24177e-2 -5.24177e-2
5.45455e-1 3.33333e-1 -5.67232e-2 -5.67232e-2
5.45455e-1 3.63636e-1 -6.06499e-2 -6.06499e-2
5.45455e-1 3.93939e-1 -6.41468e-2 -6.41468e-2
5.45455e-1 4.24242e-1 -6.71561e-2 -6.71561e-2
5.45455e-1 4.54545e-1 -6.96129e-2 -6.96129e-2
5.45455e-1 4.84848e-1 -7.14509e-2 -7.14509e-2
5.45455e-1 5.15152e-1 -7.26118e-2 -7.26118e-2
5.45455e-1 5.45455e-1 -7.3052e-2 -7.3052e-2
5.45455e-1 5.75758e-1 -7.27498e-2 -7.27498e-2
5.45455e-1 6.06061e-1 -7.17071e-2 -7.17071e-2
5.45455e-1 6.36364e-1 -6.99469e-2 -6.99469e-2
5.45455e-1 6.66667e-1 -6.75116e-2 -6.75116e-2
5.45455e-1 6.9697e-1 -6.4448e-2 -6.4448e-2
5.45455e-1 7.27273e-1 -6.081e-2 -6.081e-2
5.45455e-1 7.57576e-1 -5.66231e-2 -5.66231e-2
5.45455e-1 7.87879e-1 -5.19106e-2 -5.19106e-2
5.45455e-1 8.18182e-1 -4.66195e-2 -4.66195e-2
5.45455e-1 8.48485e-1 -4.07596e-2 -4.07596e-2
5.45455e-1 8.78788e-1 -3.42633e-2 -3.42633e-2
5.45455e-1 9.09091e-1 -2.74073e-2 -2.74073e-2
5.45455e-1 9.39394e-1 -2.01798e-2 -2.01798e-2
5.45455e-1 9.69697e-1 -1.36069e-2 -1.36069e-2

5.75758e-1 3.0303e-2 -1.5301e-3 -1.5301e-3
5.75758e-1 6.06061e-2 -4.81826e-3 -4.81826e-3
5.75758e-1 9.09091e-2 -9.79186e-3 -9.79186e-3
5.75758e-1 1.21212e-1 -1.61075e-2 -1.61075e-2
5.75758e-1 1.51515e-1 -2.31033e-2 -2.31033e-2
5.75758e-1 1.81818e-1 -2.9987e-2 -2.9987e-2
5.75758e-1 2.12121e-1 -3.6231e-2 -3.6231e-2
5.75758e-1 2.42424e-1 -4.18002e-2 -4.18002e-2
5.75758e-1 2.72727e-1 -4.68783e-2 -4.68783e-2
5.75758e-1 3.0303e-1 -5.15694e-2 -5.15694e-2
5.75758e-1 3.33333e-1 -5.59025e-2 -5.59025e-2
5.75758e-1 3.63636e-1 -5.98639e-2 -5.98639e-2
5.75758e-1 3.93939e-1 -6.34036e-2 -6.34036e-2
5.75758e-1 4.24242e-1 -6.64651e-2 -6.64651e-2
5.75758e-1 4.54545e-1 -6.89847e-2 -6.89847e-2
5.75758e-1 4.84848e-1 -7.08963e-2 -7.08963e-2
5.75758e-1 5.15152e-1 -7.2141e-2 -7.2141e-2
5.75758e-1 5.45455e-1 -7.26738e-2 -7.26738e-2
5.75758e-1 5.75758e-1 -7.24704e-2 -7.24704e-2
5.75758e-1 6.06061e-1 -7.15296e-2 -7.15296e-2
5.75758e-1 6.36364e-1 -6.9872e-2 -6.9872e-2
5.75758e-1 6.66667e-1 -6.75362e-2 -6.75362e-2
5.75758e-1 6.9697e-1 -6.45677e-2 -6.45677e-2
5.75758e-1 7.27273e-1 -6.10166e-2 -6.10166e-2
5.75758e-1 7.57576e-1 -5.691e-2 -5.691e-2
5.75758e-1 7.87879e-1 -5.22669e-2 -5.22669e-2
5.75758e-1 8.18182e-1 -4.70401e-2 -4.70401e-2
5.75758e-1 8.48485e-1 -4.12267e-2 -4.12267e-2
5.75758e-1 8.78788e-1 -3.4757e-2 -3.4757e-2
5.75758e-1 9.09091e-1 -2.78455e-2 -2.78455e-2
5.75758e-1 9.39394e-1 -2.04276e-2 -2.04276e-2
5.75758e-1 9.69697e-1 -1.33806e-2 -1.33806e-2

6.06061e-1 3.0303e-2 -1.20122e-3 -1.20122e-3
6.06061e-1 6.06061e-2 -4.03486e-3 -4.03486e-3
6.06061e-1 9.09091e-2 -8.60726e-3 -8.60726e-3
6.06061e-1 1.21212e-1 -1.46293e-2 -1.46293e-2
6.06061e-1 1.51515e-1 -2.14869e-2 -2.14869e-2
6.06061e-1 1.81818e-1 -2.83757e-2 -2.83757e-2
6.06061e-1 2.12121e-1 -3.46866e-2 -3.46866e-2
6.06061e-1 2.42424e-1 -4.03081e-2 -4.03081e-2
6.06061e-1 2.72727e-1 -4.54117e-2 -4.54117e-2
6.06061e-1 3.0303e-1 -5.01136e-2 -5.01136e-2
6.06061e-1 3.33333e-1 -5.44522e-2 -5.44522e-2
6.06061e-1 3.63636e-1 -5.8423e-2 -5.8423e-2
6.06061e-1 3.93939e-1 -6.19799e-2 -6.19799e-2
6.06061e-1 4.24242e-1 -6.50692e-2 -6.50692e-2
6.06061e-1 4.54545e-1 -6.76309e-2 -6.76309e-2
6.06061e-1 4.84848e-1 -6.96013e-2 -6.96013e-2
6.06061e-1 5.15152e-1 -7.09236e-2 -7.09236e-2
6.06061e-1 5.45455e-1 -7.15525e-2 -7.15525e-2
6.06061e-1 5.75758e-1 -7.14624e-2 -7.14624e-2
6.06061e-1 6.06061e-1 -7.06493e-2 -7.06493e-2
6.06061e-1 6.36364e-1 -6.913e-2 -6.913e-2
6.06061e-1 6.66667e-1 -6.69386e-2 -6.69386e-2
6.06061e-1 6.9697e-1 -6.4117e-2 -6.4117e-2
6.06061e-1 7.27273e-1 -6.07104e-2 -6.07104e-2
6.06061e-1 7.57576e-1 -5.67451e-2 -5.67451e-2
6.06061e-1 7.87879e-1 -5.22362e-2 -5.22362e-2
6.06061e-1 8.18182e-1 -4.71446e-2 -4.71446e-2
6.06061e-1 8.48485e-1 -4.14655e-2 -4.14655e-2
6.06061e-1 8.78788e-1 -3.5153e-2 -3.5153e-2
6.06061e-1 9.09091e-1 -2.84268e-2 -2.84268e-2
6.06061e-1 9.39394e-1 -2.13382e-2 -2.13382e-2
6.06061e-1 9.69697e-1 -1.45294e-2 -1.45294e-2

6.36364e-1 3.0303e-2 -7.5805e-4 -7.5805e-4
6.36364e-1 6.06061e-2 -3.01283e-3 -3.01283e-3
6.36364e-1 9.09091e-2 -7.04423e-3 -7.04423e-3
6.36364e-1 1.21212e-1 -1.26371e-2 -1.26371e-2
6.36364e-1 1.51515e-1 -1.92579e-2 -1.92579e-2
6.36364e-1 1.81818e-1 -2.61167e-2 -2.61167e-2
6.36364e-1 2.12121e-1 -3.25117e-2 -3.25117e-2
6.36364e-1 2.42424e-1 -3.82123e-2 -3.82123e-2
6.36364e-1 2.72727e-1 -4.33509e-2 -4.33509e-2
6.36364e-1 3.0303e-1 -4.80578e-2 -4.80578e-2
6.36364e-1 3.33333e-1 -5.23854e-2 -5.23854e-2
6.36364e-1 3.63636e-1 -5.63443e-2 -5.63443e-2
6.36364e-1 3.93939e-1 -5.98963e-2 -5.98963e-2
6.36364e-1 4.24242e-1 -6.29919e-2 -6.29919e-2
6.36364e-1 4.54545e-1 -6.55769e-2 -6.55769e-2
6.36364e-1 4.84848e-1 -6.75921e-2 -6.75921e-2
6.36364e-1 5.15152e-1 -6.89849e-2 -6.89849e-2
6.36364e-1 5.45455e-1 -6.97114e-2 -6.97114e-2
6.36364e-1 5.75758e-1 -6.97459e-2 -6.97459e-2
6.36364e-1 6.06061e-1 -6.90815e-2 -6.90815e-2
6.36364e-1 6.36364e-1 -6.77308e-2 -6.77308e-2
6.36364e-1 6.66667e-1 -6.57219e-2 -6.57219e-2
6.36364e-1 6.9697e-1 -6.30913e-2 -6.30913e-2
6.36364e-1 7.27273e-1 -5.98763e-2 -5.98763e-2
6.36364e-1 7.57576e-1 -5.60991e-2 -5.60991e-2
6.36364e-1 7.87879e-1 -5.17672e-2 -5.17672e-2
6.36364e-1 8.18182e-1 -4.68446e-2 -4.68446e-2
6.36364e-1 8.48485e-1 -4.13167e-2 -4.13167e-2
6.36364e-1 8.78788e-1 -3.51364e-2 -3.51364e-2
6.36364e-1 9.09091e-1 -2.84576e-2 -2.84576e-2
6.36364e-1 9.39394e-1 -2.12484e-2 -2.12484e-2
6.36364e-1 9.69697e-1 -1.40026e-2 -1.40026e-2

6.66667e-1 3.0303e-2 -2.50416e-4 -2.50416e-4
6.66667e-1 6.06061e-2 -1.8331e-3 -1.8331e-3
6.66667e-1 9.09091e-2 -5.19207e-3 -5.19207e-3
6.66667e-1 1.21212e-1 -1.02037e-2 -1.02037e-2
6.66667e-1 1.51515e-1 -1.64506e-2 -1.64506e-2
6.66667e-1 1.81818e-1 -2.32035e-2 -2.32035e-2
6.66667e-1 2.12121e-1 -2.96813e-2 -2.96813e-2
6.66667e-1 2.42424e-1 -3.54949e-2 -3.54949e-2
6.66667e-1 2.72727e-1 -4.06934e-2 -4.06934e-2
6.66667e-1 3.0303e-1 -4.54127e-2 -4.54127e-2
6.66667e-1 3.33333e-1 -4.97227e-2 -4.97227e-2
6.66667e-1 3.63636e-1 -5.36544e-2 -5.36544e-2
6.66667e-1 3.93939e-1 -5.71846e-2 -5.71846e-2
6.66667e-1 4.24242e-1 -6.02699e-2 -6.02699e-2
6.66667e-1 4.54545e-1 -6.28633e-2 -6.28633e-2
6.66667e-1 4.84848e-1 -6.49119e-2 -6.49119e-2
6.66667e-1 5.15152e-1 -6.63689e-2 -6.63689e-2
6.66667e-1 5.45455e-1 -6.71942e-2 -6.71942e-2
6.66667e-1 5.75758e-1 -6.73627e-2 -6.73627e-2
6.66667e-1 6.06061e-1 -6.68658e-2 -6.68658e-2
6.66667e-1 6.36364e-1 -6.57119e-2 -6.57119e-2
6.66667e-1 6.66667e-1 -6.3923e-2 -6.3923e-2
6.66667e-1 6.9697e-1 -6.15288e-2 -6.15288e-2
6.66667e-1 7.27273e-1 -5.85585e-2 -5.85585e-2
6.66667e-1 7.57576e-1 -5.50295e-2 -5.50295e-2
6.66667e-1 7.87879e-1 -5.09437e-2 -5.09437e-2
6.66667e-1 8.18182e-1 -4.62721e-2 -4.62721e-2
6.66667e-1 8.48485e-1 -4.10045e-2 -4.10045e-2
6.66667e-1 8.78788e-1 -3.51251e-2 -3.51251e-2
6.66667e-1 9.09091e-1 -2.88128e-2 -2.88128e-2
6.66667e-1 9.39394e-1 -2.21559e-2 -2.21559e-2
6.66667e-1 9.69697e-1 -1.53306e-2 -1.53306e-2

6.9697e-1 3.0303e-2 2.51948e-4 2.51948e-4
6.9697e-1 6.06061e-2 -6.12935e-4 -6.12935e-4
6.9697e-1 9.09091e-2 -3.19202e-3 -3.19202e-3
6.9697e-1 1.21212e-1 -7.46239e-3 -7.46239e-3
6.9697e-1 1.51515e-1 -1.31537e-2 -1.31537e-2
6.9697e-1 1.81818e-1 -1.96612e-2 -1.96612e-2
6.9697e-1 2.12121e-1 -2.61748e-2 -2.61748e-2
6.9697e-1 2.42424e-1 -3.21281e-2 -3.21281e-2
6.9697e-1 2.72727e-1 -3.7427e-2 -3.7427e-2
6.9697e-1 3.0303e-1 -4.21844e-2 -4.21844e-2
6.9697e-1 3.33333e-1 -4.64852e-2 -4.64852e-2
6.9697e-1 3.63636e-1 -5.03841e-2 -5.03841e-2
6.9697e-1 3.93939e-1 -5.38823e-2 -5.38823e-2
6.9697e-1 4.24242e-1 -5.69462e-2 -5.69462e-2
6.9697e-1 4.54545e-1 -5.95382e-2 -5.95382e-2
6.9697e-1 4.84848e-1 -6.16124e-2 -6.16124e-2
6.9697e-1 5.15152e-1 -6.31286e-2 -6.31286e-2
6.9697e-1 5.45455e-1 -6.40518e-2 -6.40518e-2
6.9697e-1 5.75758e-1 -6.43591e-2 -6.43591e-2
6.9697e-1 6.06061e-1 -6.40407e-2 -6.40407e-2
6.9697e-1 6.36364e-1 -6.31012e-2 -6.31012e-2
6.9697e-1 6.66667e-1 -6.15562e-2 -6.15562e-2
6.9697e-1 6.9697e-1 -5.94271e-2 -5.94271e-2
6.9697e-1 7.27273e-1 -5.67339e-2 -5.67339e-2
6.9697e-1 7.57576e-1 -5.34859e-2 -5.34859e-2
6.9697e-1 7.87879e-1 -4.96772e-2 -4.96772e-2
6.9697e-1 8.18182e-1 -4.52786e-2 -4.52786e-2
6.9697e-1 8.48485e-1 -4.02715e-2 -4.02715e-2
6.9697e-1 8.78788e-1 -3.46315e-2 -3.46315e-2
6.9697e-1 9.09091e-1 -2.84586e-2 -2.84586e-2
6.9697e-1 9.39394e-1 -2.17091e-2 -2.17091e-2
6.9697e-1 9.69697e-1 -1.44403e-2 -1.44403e-2

7.27273e-1 3.0303e-2 6.68838e-4 6.68838e-4
7.27273e-1 6.06061e-2 5.01926e-4 5.01926e-4
7.27273e-1 9.09091e-2 -1.23676e-3 -1.23676e-3
7.27273e-1 1.21212e-1 -4.62041e-3 -4.62041e-3
7.27273e-1 1.51515e-1 -9.53816e-3 -9.53816e-3
7.27273e-1 1.81818e-1 -1.55796e-2 -1.55796e-2
7.27273e-1 2.12121e-1 -2.1998e-2 -2.1998e-2
7.27273e-1 2.42424e-1 -2.80775e-2 -2.80775e-2
7.27273e-1 2.72727e-1 -3.35214e-2 -3.35214e-2
7.27273e-1 3.0303e-1 -3.83629e-2 -3.83629e-2
7.27273e-1 3.33333e-1 -4.26847e-2 -4.26847e-2
7.27273e-1 3.63636e-1 -4.65607e-2 -4.65607e-2
7.27273e-1 3.93939e-1 -5.00251e-2 -5.00251e-2
7.27273e-1 4.24242e-1 -5.30631e-2 -5.30631e-2
7.27273e-1 4.54545e-1 -5.56488e-2 -5.56488e-2
7.27273e-1 4.84848e-1 -5.77455e-2 -5.77455e-2
7.27273e-1 5.15152e-1 -5.93196e-2 -5.93196e-2
7.27273e-1 5.45455e-1 -6.03423e-2 -6.03423e-2
7.27273e-1 5.75758e-1 -6.07934e-2 -6.07934e-2
7.27273e-1 6.06061e-1 -6.0664e-2 -6.0664e-2
7.27273e-1 6.36364e-1 -5.99556e-2 -5.99556e-2
7.27273e-1 6.66667e-1 -5.86785e-2 -5.86785e-2
7.27273e-1 6.9697e-1 -5.6847e-2 -5.6847e-2
7.27273e-1 7.27273e-1 -5.44732e-2 -5.44732e-2
7.27273e-1 7.57576e-1 -5.15606e-2 -5.15606e-2
7.27273e-1 7.87879e-1 -4.81001e-2 -4.81001e-2
7.27273e-1 8.18182e-1 -4.407e-2 -4.407e-2
7.27273e-1 8.48485e-1 -3.94614e-2 -3.94614e-2
7.27273e-1 8.78788e-1 -3.42852e-2 -3.42852e-2
7.27273e-1 9.09091e-1 -2.86834e-2 -2.86834e-2
7.27273e-1 9.39394e-1 -2.27285e-2 -2.27285e-2
7.27273e-1 9.69697e-1 -1.60486e-2 -1.60486e-2

7.57576e-1 3.0303e-2 9.28715e-4 9.28715e-4
7.57576e-1 6.06061e-2 1.36094e-3 1.36094e-3
7.57576e-1 9.09091e-2 4.49528e-4 4.49528e-4
7.57576e-1 1.21212e-1 -1.95475e-3 -1.95475e-3
7.57576e-1 1.51515e-1 -5.87914e-3 -5.87914e-3
7.57576e-1 1.81818e-1 -1.11569e-2 -1.11569e-2
7.57576e-1 2.12121e-1 -1.72284e-2 -1.72284e-2
7.57576e-1 2.42424e-1 -2.33252e-2 -2.33252e-2
7.57576e-1 2.72727e-1 -2.89267e-2 -2.89267e-2
7.57576e-1 3.0303e-1 -3.39079e-2 -3.39079e-2
7.57576e-1 3.33333e-1 -3.83071e-2 -3.83071e-2
7.57576e-1 3.63636e-1 -4.21956e-2 -4.21956e-2
7.57576e-1 3.93939e-1 -4.56397e-2 -4.56397e-2
7.57576e-1 4.24242e-1 -4.86548e-2 -4.86548e-2
7.57576e-1 4.54545e-1 -5.12328e-2 -5.12328e-2
7.57576e-1 4.84848e-1 -5.33504e-2 -5.33504e-2
7.57576e-1 5.15152e-1 -5.49811e-2 -5.49811e-2
7.57576e-1 5.45455e-1 -5.61021e-2 -5.61021e-2
7.57576e-1 5.75758e-1 -5.66969e-2 -5.66969e-2
7.57576e-1 6.06061e-1 -5.67574e-2 -5.67574e-2
7.57576e-1 6.36364e-1 -5.62834e-2 -5.62834e-2
7.57576e-1 6.66667e-1 -5.52804e-2 -5.52804e-2
7.57576e-1 6.9697e-1 -5.37559e-2 -5.37559e-2
7.57576e-1 7.27273e-1 -5.17147e-2 -5.17147e-2
7.57576e-1 7.57576e-1 -4.91533e-2 -4.91533e-2
7.57576e-1 7.87879e-1 -4.60572e-2 -4.60572e-2
7.57576e-1 8.18182e-1 -4.24023e-2 -4.24023e-2
7.57576e-1 8.48485e-1 -3.81687e-2 -3.81687e-2
7.57576e-1 8.78788e-1 -3.33414e-2 -3.33414e-2
7.57576e-1 9.09091e-1 -2.79518e-2 -2.79518e-2
7.57576e-1 9.39394e-1 -2.18704e-2 -2.18704e-2
7.57576e-1 9.69697e-1 -1.47036e-2 -1.47036e-2

7.87879e-1 3.0303e-2 9.95143e-4 9.95143e-4
7.87879e-1 6.06061e-2 1.85e-3 1.85e-3
7.87879e-1 9.09091e-2 1.65877e-3 1.65877e-3
7.87879e-1 1.21212e-1 2.2565e-4 2.2565e-4
7.87879e-1 1.51515e-1 -2.55157e-3 -2.55157e-3
7.87879e-1 1.81818e-1 -6.74007e-3 -6.74007e-3
7.87879e-1 2.12121e-1 -1.20837e-2 -1.20837e-2
7.87879e-1 2.42424e-1 -1.79298e-2 -1.79298e-2
7.87879e-1 2.72727e-1 -2.35989e-2 -2.35989e-2
7.87879e-1 3.0303e-1 -2.87444e-2 -2.87444e-2
7.87879e-1 3.33333e-1 -3.329e-2 -3.329e-2
7.87879e-1 3.63636e-1 -3.72607e-2 -3.72607e-2
7.87879e-1 3.93939e-1 -4.07282e-2 -4.07282e-2
7.87879e-1 4.24242e-1 -4.37419e-2 -4.37419e-2
7.87879e-1 4.54545e-1 -4.63199e-2 -4.63199e-2
7.87879e-1 4.84848e-1 -4.84605e-2 -4.84605e-2
7.87879e-1 5.15152e-1 -5.01485e-2 -5.01485e-2
7.87879e-1 5.45455e-1 -5.13691e-2 -5.13691e-2
7.87879e-1 5.75758e-1 -5.21098e-2 -5.21098e-2
7.87879e-1 6.06061e-1 -5.23647e-2 -5.23647e-2
7.87879e-1 6.36364e-1 -5.21332e-2 -5.21332e-2
7.87879e-1 6.66667e-1 -5.14189e-2 -5.14189e-2
7.87879e-1 6.9697e-1 -5.02256e-2 -5.02256e-2
7.87879e-1 7.27273e-1 -4.85548e-2 -4.85548e-2
7.87879e-1 7.57576e-1 -4.64014e-2 -4.64014e-2
7.87879e-1 7.87879e-1 -4.37535e-2 -4.37535e-2
7.87879e-1 8.18182e-1 -4.05961e-2 -4.05961e-2
7.87879e-1 8.48485e-1 -3.6924e-2 -3.6924e-2
7.87879e-1 8.78788e-1 -3.27583e-2 -3.27583e-2
7.87879e-1 9.09091e-1 -2.81844e-2 -2.81844e-2
7.87879e-1 9.39394e-1 -2.31724e-2 -2.31724e-2
7.87879e-1 9.69697e-1 -1.67254e-2 -1.67254e-2

8.18182e-1 3.0303e-2 8.87978e-4 8.87978e-4
8.18182e-1 6.06061e-2 1.93861e-3 1.93861e-3
8.18182e-1 9.09091e-2 2.26992e-3 2.26992e-3
8.18182e-1 1.21212e-1 1.66444e-3 1.66444e-3
8.18182e-1 1.51515e-1 3.18968e-5 3.18968e-5
8.18182e-1 1.81818e-1 -2.82605e-3 -2.82605e-3
8.18182e-1 2.12121e-1 -6.9945e-3 -6.9945e-3
8.18182e-1 2.42424e-1 -1.21331e-2 -1.21331e-2
8.18182e-1 2.72727e-1 -1.75846e-2 -1.75846e-2
8.18182e-1 3.0303e-1 -2.27989e-2 -2.27989e-2
8.18182e-1 3.33333e-1 -2.75163e-2 -2.75163e-2
8.18182e-1 3.63636e-1 -3.16533e-2 -3.16533e-2
8.18182e-1 3.93939e-1 -3.52295e-2 -3.52295e-2
8.18182e-1 4.24242e-1 -3.83014e-2 -3.83014e-2
8.18182e-1 4.54545e-1 -4.0912e-2 -4.0912e-2
8.18182e-1 4.84848e-1 -4.30865e-2 -4.30865e-2
8.18182e-1 5.15152e-1 -4.48315e-2 -4.48315e-2
8.18182e-1 5.45455e-1 -4.61449e-2 -4.61449e-2
8.18182e-1 5.75758e-1 -4.70226e-2 -4.70226e-2
8.18182e-1 6.06061e-1 -4.74621e-2 -4.74621e-2
8.18182e-1 6.36364e-1 -4.74641e-2 -4.74641e-2
8.18182e-1 6.66667e-1 -4.7031e-2 -4.7031e-2
8.18182e-1 6.9697e-1 -4.61649e-2 -4.61649e-2
8.18182e-1 7.27273e-1 -4.48644e-2 -4.48644e-2
8.18182e-1 7.57576e-1 -4.31223e-2 -4.31223e-2
8.18182e-1 7.87879e-1 -4.09246e-2 -4.09246e-2
8.18182e-1 8.18182e-1 -3.82507e-2 -3.82507e-2
8.18182e-1 8.48485e-1 -3.50752e-2 -3.50752e-2
8.18182e-1 8.78788e-1 -3.13603e-2 -3.13603e-2
8.18182e-1 9.09091e-1 -2.70246e-2 -2.70246e-2
8.18182e-1 9.39394e-1 -2.17592e-2 -2.17592e-2
8.18182e-1 9.69697e-1 -1.47846e-2 -1.47846e-2

8.48485e-1 3.0303e-2 6.78306e-4 6.78306e-4
8.48485e-1 6.06061e-2 1.70174e-3 1.70174e-3
8.48485e-1 9.09091e-2 2.30921e-3 2.30921e-3
8.48485e-1 1.21212e-1 2.27194e-3 2.27194e-3
8.48485e-1 1.51515e-1 1.56441e-3 1.56441e-3
8.48485e-1 1.81818e-1 3.30337e-5 3.30337e-5
8.48485e-1 2.12121e-1 -2.62151e-3 -2.62151e-3
8.48485e-1 2.42424e-1 -6.48439e-3 -6.48439e-3
8.48485e-1 2.72727e-1 -1.1184e-2 -1.1184e-2
8.48485e-1 3.0303e-1 -1.61315e-2 -1.61315e-2
8.48485e-1 3.33333e-1 -2.08816e-2 -2.08816e-2
8.48485e-1 3.63636e-1 -2.5194e-2 -2.5194e-2
8.48485e-1 3.93939e-1 -2.89712e-2 -2.89712e-2
8.48485e-1 4.24242e-1 -3.22109e-2 -3.22109e-2
8.48485e-1 4.54545e-1 -3.49465e-2 -3.49465e-2
8.48485e-1 4.84848e-1 -3.72153e-2 -3.72153e-2
8.48485e-1 5.15152e-1 -3.90492e-2 -3.90492e-2
8.48485e-1 5.45455e-1 -4.04674e-2 -4.04674e-2
8.48485e-1 5.75758e-1 -4.1484e-2 -4.1484e-2
8.48485e-1 6.06061e-1 -4.21078e-2 -4.21078e-2
8.48485e-1 6.36364e-1 -4.2347e-2 -4.2347e-2
8.48485e-1 6.66667e-1 -4.22081e-2 -4.22081e-2
8.48485e-1 6.9697e-1 -4.16961e-2 -4.16961e-2
8.48485e-1 7.27273e-1 -4.08128e-2 -4.08128e-2
8.48485e-1 7.57576e-1 -3.95561e-2 -3.95561e-2
8.48485e-1 7.87879e-1 -3.79203e-2 -3.79203e-2
8.48485e-1 8.18182e-1 -3.58981e-2 -3.58981e-2
8.48485e-1 8.48485e-1 -3.34847e-2 -3.34847e-2
8.48485e-1 8.78788e-1 -3.06804e-2 -3.06804e-2
8.48485e-1 9.09091e-1 -2.74695e-2 -2.74695e-2
8.48485e-1 9.39394e-1 -2.35909e-2 -2.35909e-2
8.48485e-1 9.69697e-1 -1.73743e-2 -1.73743e-2

8.78788e-1 3.0303e-2 4.50285e-4 4.50285e-4
8.78788e-1 6.06061e-2 1.28507e-3 1.28507e-3
8.78788e-1 9.09091e-2 1.93941e-3 1.93941e-3
8.78788e-1 1.21212e-1 2.186e-3 2.186e-3
8.78788e-1 1.51515e-1 2.03159e-3 2.03159e-3
8.78788e-1 1.81818e-1 1.47624e-3 1.47624e-3
8.78788e-1 2.12121e-1 2.95181e-4 2.95181e-4
8.78788e-1 2.42424e-1 -1.87884e-3 -1.87884e-3
8.78788e-1 2.72727e-1 -5.14996e-3 -5.14996e-3
8.78788e-1 3.0303e-1 -9.19222e-3 -9.19222e-3
8.78788e-1 3.33333e-1 -1.35242e-2 -1.35242e-2
8.78788e-1 3.63636e-1 -1.77676e-2 -1.77676e-2
8.78788e-1 3.93939e-1 -2.16894e-2 -2.16894e-2
8.78788e-1 4.24242e-1 -2.51647e-2 -2.51647e-2
8.78788e-1 4.54545e-1 -2.81499e-2 -2.81499e-2
8.78788e-1 4.84848e-1 -3.06417e-2 -3.06417e-2
8.78788e-1 5.15152e-1 -3.26649e-2 -3.26649e-2
8.78788e-1 5.45455e-1 -3.42524e-2 -3.42524e-2
8.78788e-1 5.75758e-1 -3.54379e-2 -3.54379e-2
8.78788e-1 6.06061e-1 -3.62518e-2 -3.62518e-2
8.78788e-1 6.36364e-1 -3.6718e-2 -3.6718e-2
8.78788e-1 6.66667e-1 -3.68556e-2 -3.68556e-2
8.78788e-1 6.9697e-1 -3.66766e-2 -3.66766e-2
8.78788e-1 7.27273e-1 -3.6188e-2 -3.6188e-2
8.78788e-1 7.57576e-1 -3.53892e-2 -3.53892e-2
8.78788e-1 7.87879e-1 -3.42719e-2 -3.42719e-2
8.78788e-1 8.18182e-1 -3.28147e-2 -3.28147e-2
8.78788e-1 8.48485e-1 -3.09705e-2 -3.09705e-2
8.78788e-1 8.78788e-1 -2.86304e-2 -2.86304e-2
8.78788e-1 9.09091e-1 -2.55441e-2 -2.55441e-2
8.78788e-1 9.39394e-1 -2.11829e-2 -2.11829e-2
8.78788e-1 9.69697e-1 -1.45512e-2 -1.45512e-2

9.09091e-1 3.0303e-2 2.59235e-4 2.59235e-4
9.09091e-1 6.06061e-2 8.33259e-4 8.33259e-4
9.09091e-1 9.09091e-2 1.36975e-3 1.36975e-3
9.09091e-1 1.21212e-1 1.67708e-3 1.67708e-3
9.09091e-1 1.51515e-1 1.74785e-3 1.74785e-3
9.09091e-1 1.81818e-1 1.65014e-3 1.65014e-3
9.09091e-1 2.12121e-1 1.38075e-3 1.38075e-3
9.09091e-1 2.42424e-1 7.16911e-4 7.16911e-4
9.09091e-1 2.72727e-1 -7.24472e-4 -7.24472e-4
9.09091e-1 3.0303e-1 -3.11161e-3 -3.11161e-3
9.09091e-1 3.33333e-1 -6.24731e-3 -6.24731e-3
9.09091e-1 3.63636e-1 -9.77188e-3 -9.77188e-3
9.09091e-1 3.93939e-1 -1.33943e-2 -1.33943e-2
9.09091e-1 4.24242e-1 -1.68854e-2 -1.68854e-2
9.09091e-1 4.54545e-1 -2.00804e-2 -2.00804e-2
9.09091e-1 4.84848e-1 -2.28784e-2 -2.28784e-2
9.09091e-1 5.15152e-1 -2.5234e-2 -2.5234e-2
9.09091e-1 5.45455e-1 -2.71505e-2 -2.71505e-2
9.09091e-1 5.75758e-1 -2.86538e-2 -2.86538e-2
9.09091e-1 6.06061e-1 -2.97856e-2 -2.97856e-2
9.09091e-1 6.36364e-1 -3.05848e-2 -3.05848e-2
9.09091e-1 6.66667e-1 -3.10893e-2 -3.10893e-2
9.09091e-1 6.9697e-1 -3.13274e-2 -3.13274e-2
9.09091e-1 7.27273e-1 -3.13225e-2 -3.13225e-2
9.09091e-1 7.57576e-1 -3.109e-2 -3.109e-2
9.09091e-1 7.87879e-1 -3.0641e-2 -3.0641e-2
9.09091e-1 8.18182e-1 -2.99793e-2 -2.99793e-2
9.09091e-1 8.48485e-1 -2.9097e-2 -2.9097e-2
9.09091e-1 8.78788e-1 -2.79469e-2 -2.79469e-2
9.09091e-1 9.09091e-1 -2.63538e-2 -2.63538e-2
9.09091e-1 9.39394e-1 -2.37039e-2 -2.37039e-2
9.09091e-1 9.69697e-1 -1.77569e-2 -1.77569e-2

9.39394e-1 3.0303e-2 1.20474e-4 1.20474e-4
9.39394e-1 6.06061e-2 4.37772e-4 4.37772e-4
9.39394e-1 9.09091e-2 7.72449e-4 7.72449e-4
9.39394e-1 1.21212e-1 9.9802e-4 9.9802e-4
9.39394e-1 1.51515e-1 1.09924e-3 1.09924e-3
9.39394e-1 1.81818e-1 1.13094e-3 1.13094e-3
9.39394e-1 2.12121e-1 1.14426e-3 1.14426e-3
9.39394e-1 2.42424e-1 1.12227e-3 1.12227e-3
9.39394e-1 2.72727e-1 9.67125e-4 9.67125e-4
9.39394e-1 3.0303e-1 4.07223e-4 4.07223e-4
9.39394e-1 3.33333e-1 -8.39511e-4 -8.39511e-4
9.39394e-1 3.63636e-1 -2.7368e-3 -2.7368e-3
9.39394e-1 3.93939e-1 -5.15571e-3 -5.15571e-3
9.39394e-1 4.24242e-1 -7.90226e-3 -7.90226e-3
9.39394e-1 4.54545e-1 -1.07408e-2 -1.07408e-2
9.39394e-1 4.84848e-1 -1.34763e-2 -1.34763e-2
9.39394e-1 5.15152e-1 -1.59671e-2 -1.59671e-2
9.39394e-1 5.45455e-1 -1.81454e-2 -1.81454e-2
9.39394e-1 5.75758e-1 -1.99893e-2 -1.99893e-2
9.39394e-1 6.06061e-1 -2.1514e-2 -2.1514e-2
9.39394e-1 6.36364e-1 -2.27458e-2 -2.27458e-2
9.39394e-1 6.66667e-1 -2.37169e-2 -2.37169e-2
9.39394e-1 6.9697e-1 -2.44525e-2 -2.44525e-2
9.39394e-1 7.27273e-1 -2.49706e-2 -2.49706e-2
9.39394e-1 7.57576e-1 -2.52748e-2 -2.52748e-2
9.39394e-1 7.87879e-1 -2.53527e-2 -2.53527e-2
9.39394e-1 8.18182e-1 -2.51639e-2 -2.51639e-2
9.39394e-1 8.48485e-1 -2.46246e-2 -2.46246e-2
9.39394e-1 8.78788e-1 -2.35725e-2 -2.35725e-2
9.39394e-1 9.09091e-1 -2.17125e-2 -2.17125e-2
9.39394e-1 9.39394e-1 -1.85275e-2 -1.85275e-2
9.39394e-1 9.69697e-1 -1.29273e-2 -1.29273e-2

9.69697e-1 3.0303e-2 3.06787e-5 3.06787e-5
9.69697e-1 6.06061e-2 1.41127e-4 1.41127e-4
9.69697e-1 9.09091e-2 2.67556e-4 2.67556e-4
9.69697e-1 1.21212e-1 3.56155e-4 3.56155e-4
9.69697e-1 1.51515e-1 4.00066e-4 4.00066e-4
9.69697e-1 1.81818e-1 4.26114e-4 4.26114e-4
9.69697e-1 2.12121e-1 4.65083e-4 4.65083e-4
9.69697e-1 2.42424e-1 5.27025e-4 5.27025e-4
9.69697e-1 2.72727e-1 5.89995e-4 5.89995e-4
9.69697e-1 3.0303e-1 6.14168e-4 6.14168e-4
9.69697e-1 3.33333e-1 6.63694e-4 6.63694e-4
9.69697e-1 3.63636e-1 6.33218e-4 6.33218e-4
9.69697e-1 3.93939e-1 1.33891e-4 1.33891e-4
9.69697e-1 4.24242e-1 -9.17198e-4 -9.17198e-4
9.69697e-1 4.54545e-1 -2.36158e-3 -2.36158e-3
9.69697e-1 4.84848e-1 -4.02333e-3 -4.02333e-3
9.69697e-1 5.15152e-1 -5.7448e-3 -5.7448e-3
9.69697e-1 5.45455e-1 -7.42372e-3 -7.42372e-3
9.69697e-1 5.75758e-1 -9.00376e-3 -9.00376e-3
9.69697e-1 6.06061e-1 -1.04667e-2 -1.04667e-2
9.69697e-1 6.36364e-1 -1.18162e-2 -1.18162e-2
9.69697e-1 6.66667e-1 -1.30679e-2 -1.30679e-2
9.69697e-1 6.9697e-1 -1.42414e-2 -1.42414e-2
9.69697e-1 7.27273e-1 -1.53565e-2 -1.53565e-2
9.69697e-1 7.57576e-1 -1.64294e-2 -1.64294e-2
9.69697e-1 7.87879e-1 -1.74708e-2 -1.74708e-2
9.69697e-1 8.18182e-1 -1.8481e-2 -1.8481e-2
9.69697e-1 8.48485e-1 -1.94381e-2 -1.94381e-2
9.69697e-1 8.78788e-1 -2.02651e-2 -2.02651e-2
9.69697e-1 9.09091e-1 -2.07237e-2 -2.07237e-2
9.69697e-1 9.39394e-1 -2.00582e-2 -2.00582e-2
9.69697e-1 9.69697e-1 -1.58005e-2 -1.58005e-2
