3.0303e-2 3.0303e-2 7.08012e-6 7.08012e-6
3.0303e-2 6.06061e-2 8.19699e-6 8.19699e-6
3.0303e-2 9.09091e-2 -1.21725e-6 -1.21725e-6
3.0303e-2 1.21212e-1 -2.20971e-5 -2.20971e-5
3.0303e-2 1.51515e-1 -5.41188e-5 -5.41188e-5
3.0303e-2 1.81818e-1 -9.65783e-5 -9.65783e-5
3.0303e-2 2.12121e-1 -1.4867e-4 -1.4867e-4
3.0303e-2 2.42424e-1 -2.0954e-4 -2.0954e-4
3.0303e-2 2.72727e-1 -2.78268e-4 -2.78268e-4
3.0303e-2 3.0303e-1 -3.53832e-4 -3.53832e-4
3.0303e-2 3.33333e-1 -4.35079e-4 -4.35079e-4
3.0303e-2 3.63636e-1 -5.20719e-4 -5.20719e-4
3.0303e-2 3.93939e-1 -6.09331e-4 -6.09331e-4
3.0303e-2 4.24242e-1 -6.99406e-4 -6.99406e-4
3.0303e-2 4.54545e-1 -7.89412e-4 -7.89412e-4
3.0303e-2 4.84848e-1 -8.77892e-4 -8.77892e-4
3.0303e-2 5.15152e-1 -9.63595e-4 -9.63595e-4
3.0303e-2 5.45455e-1 -1.04564e-3 -1.04564e-3
3.0303e-2 5.75758e-1 -1.12372e-3 -1.12372e-3
3.0303e-2 6.06061e-1 -1.19841e-3 -1.19841e-3
3.0303e-2 6.36364e-1 -1.27151e-3 -1.27151e-3
3.0303e-2 6.66667e-1 -1.34663e-3 -1.34663e-3
3.0303e-2 6.9697e-1 -1.4301e-3 -1.4301e-3
3.0303e-2 7.27273e-1 -1.53242e-3 -1.53242e-3
3.0303e-2 7.57576e-1 -1.67066e-3 -1.67066e-3
3.0303e-2 7.87879e-1 -1.87242e-3 -1.87242e-3
3.0303e-2 8.18182e-1 -2.18196e-3 -2.18196e-3
3.0303e-2 8.48485e-1 -2.66886e-3 -2.66886e-3
3.0303e-2 8.78788e-1 -3.43576e-3 -3.43576e-3
3.0303e-2 9.09091e-1 -4.60361e-3 -4.60361e-3
3.0303e-2 9.39394e-1 -6.15912e-3 -6.15912e-3
3.0303e-2 9.69697e-1 -7.0382e-3 -7.0382e-3

6.06061e-2 3.0303e-2 8.11097e-6 8.11097e-6
6.06061e-2 6.06061e-2 -5.50295e-6 -5.50295e-6
6.06061e-2 9.09091e-2 -5.15131e-5 -5.15131e-5
6.06061e-2 1.21212e-1 -1.33033e-4 -1.33033e-4
6.06061e-2 1.51515e-1 -2.49868e-4 -2.49868e-4
6.06061e-2 1.81818e-1 -4.00424e-4 -4.00424e-4
6.06061e-2 2.12121e-1 -5.82485e-4 -5.82485e-4
6.06061e-2 2.42424e-1 -7.93458e-4 -7.93458e-4
6.06061e-2 2.72727e-1 -1.03041e-3 -1.03041e-3
6.06061e-2 3.0303e-1 -1.29003e-3 -1.29003e-3
6.06061e-2 3.33333e-1 -1.56856e-3 -1.56856e-3
6.06061e-2 3.63636e-1 -1.86185e-3 -1.86185e-3
6.06061e-2 3.93939e-1 -2.16531e-3 -2.16531e-3
6.06061e-2 4.24242e-1 -2.47413e-3 -2.47413e-3
6.06061e-2 4.54545e-1 -2.78339e-3 -2.78339e-3
6.06061e-2 4.84848e-1 -3.08842e-3 -3.08842e-3
6.06061e-2 5.15152e-1 -3.38514e-3 -3.38514e-3
6.06061e-2 5.45455e-1 -3.67059e-3 -3.67059e-3
6.06061e-2 5.75758e-1 -3.94352e-3 -3.94352e-3
6.06061e-2 6.06061e-1 -4.20523e-3 -4.20523e-3
6.06061e-2 6.36364e-1 -4.46057e-3 -4.46057e-3
6.06061e-2 6.66667e-1 -4.71945e-3 -4.71945e-3
6.06061e-2 6.9697e-1 -4.99885e-3 -4.99885e-3
6.06061e-2 7.27273e-1 -5.32583e-3 -5.32583e-3
6.06061e-2 7.57576e-1 -5.74175e-3 -5.74175e-3
6.06061e-2 7.87879e-1 -6.30772e-3 -6.30772e-3
6.06061e-2 8.18182e-1 -7.11003e-3 -7.11003e-3
6.06061e-2 8.48485e-1 -8.25978e-3 -8.25978e-3
6.06061e-2 8.78788e-1 -9.86696e-3 -9.86696e-3
6.06061e-2 9.09091e-1 -1.19212e-2 -1.19212e-2
6.06061e-2 9.39394e-1 -1.38495e-2 -1.38495e-2
6.06061e-2 9.69697e-1 -1.29837e-2 -1.29837e-2

9.09091e-2 3.0303e-2 -7.54342e-7 -7.54342e-7
9.09091e-2 6.06061e-2 -4.92984e-5 -4.92984e-5
9.09091e-2 9.09091e-2 -1.60509e-4 -1.60509e-4
9.09091e-2 1.21212e-1 -3.39411e-4 -3.39411e-4
9.09091e-2 1.51515e-1 -5.86014e-4 -5.86014e-4
9.09091e-2 1.81818e-1 -8.9781e-4 -8.9781e-4
9.09091e-2 2.12121e-1 -1.27093e-3 -1.27093e-3
9.09091e-2 2.42424e-1 -1.70059e-3 -1.70059e-3
9.09091e-2 2.72727e-1 -2.18124e-3 -2.18124e-3
9.09091e-2 3.0303e-1 -2.70652e-3 -2.70652e-3
9.09091e-2 3.33333e-1 -3.26921e-3 -3.26921e-3
9.09091e-2 3.63636e-1 -3.86125e-3 -3.86125e-3
9.09091e-2 3.93939e-1 -4.47383e-3 -4.47383e-3
9.09091e-2 4.24242e-1 -5.09762e-3 -5.09762e-3
9.09091e-2 4.54545e-1 -5.72308e-3 -5.72308e-3
9.09091e-2 4.84848e-1 -6.34103e-3 -6.34103e-3
9.09091e-2 5.15152e-1 -6.94331e-3 -6.94331e-3
9.09091e-2 5.45455e-1 -7.52365e-3 -7.52365e-3
9.09091e-2 5.75758e-1 -8.07878e-3 -8.07878e-3
9.09091e-2 6.06061e-1 -8.60977e-3 -8.60977e-3
9.09091e-2 6.36364e-1 -9.12368e-3 -9.12368e-3
9.09091e-2 6.66667e-1 -9.63579e-3 -9.63579e-3
9.09091e-2 6.9697e-1 -1.01723e-2 -1.01723e-2
9.09091e-2 7.27273e-1 -1.07737e-2 -1.07737e-2
9.09091e-2 7.57576e-1 -1.14991e-2 -1.14991e-2
9.09091e-2 7.87879e-1 -1.24284e-2 -1.24284e-2
9.09091e-2 8.18182e-1 -1.36605e-2 -1.36605e-2
9.09091e-2 8.48485e-1 -1.52916e-2 -1.52916e-2
9.09091e-2 8.78788e-1 -1.73404e-2 -1.73404e-2
9.09091e-2 9.09091e-1 -1.95262e-2 -1.95262e-2
9.09091e-2 9.39394e-1 -2.0659e-2 -2.0659e-2
9.09091e-2 9.69697e-1 -1.71199e-2 -1.71199e-2

1.21212e-1 3.0303e-2 -1.91361e-5 -1.91361e-5
1.21212e-1 6.06061e-2 -1.22144e-4 -1.22144e-4
1.21212e-1 9.09091e-2 -3.24948e-4 -3.24948e-4
1.21212e-1 1.21212e-1 -6.33178e-4 -6.33178e-4
1.21212e-1 1.51515e-1 -1.04658e-3 -1.04658e-3
1.21212e-1 1.81818e-1 -1.56155e-3 -1.56155e-3
1.21212e-1 2.12121e-1 -2.17243e-3 -2.17243e-3
1.21212e-1 2.42424e-1 -2.87206e-3 -2.87206e-3
1.21212e-1 2.72727e-1 -3.65199e-3 -3.65199e-3
1.21212e-1 3.0303e-1 -4.50245e-3 -4.50245e-3
1.21212e-1 3.33333e-1 -5.41228e-3 -5.41228e-3
1.21212e-1 3.63636e-1 -6.36898e-3 -6.36898e-3
1.21212e-1 3.93939e-1 -7.35885e-3 -7.35885e-3
1.21212e-1 4.24242e-1 -8.36725e-3 -8.36725e-3
1.21212e-1 4.54545e-1 -9.37911e-3 -9.37911e-3
1.21212e-1 4.84848e-1 -1.03797e-2 -1.03797e-2
1.21212e-1 5.15152e-1 -1.13557e-2 -1.13557e-2
1.21212e-1 5.45455e-1 -1.22961e-2 -1.22961e-2
1.21212e-1 5.75758e-1 -1.3194e-2 -1.3194e-2
1.21212e-1 6.06061e-1 -1.40485e-2 -1.40485e-2
1.21212e-1 6.36364e-1 -1.48665e-2 -1.48665e-2
1.21212e-1 6.66667e-1 -1.56654e-2 -1.56654e-2
1.21212e-1 6.9697e-1 -1.64758e-2 -1.64758e-2
1.21212e-1 7.27273e-1 -1.73446e-2 -1.73446e-2
1.21212e-1 7.57576e-1 -1.83365e-2 -1.83365e-2
1.21212e-1 7.87879e-1 -1.95322e-2 -1.95322e-2
1.21212e-1 8.18182e-1 -2.10147e-2 -2.10147e-2
1.21212e-1 8.48485e-1 -2.28255e-2 -2.28255e-2
1.21212e-1 8.78788e-1 -2.48485e-2 -2.48485e-2
1.21212e-1 9.09091e-1 -2.65248e-2 -2.65248e-2
1.21212e-1 9.39394e-1 -2.62128e-2 -2.62128e-2
1.21212e-1 9.69697e-1 -1.9957e-2 -1.9957e-2

1.51515e-1 3.0303e-2 -4.51963e-5 -4.51963e-5
1.51515e-1 6.06061e-2 -2.19083e-4 -2.19083e-4
1.51515e-1 9.09091e-2 -5.35507e-4 -5.35507e-4
1.51515e-1 1.21212e-1 -9.98989e-4 -9.98989e-4
1.51515e-1 1.51515e-1 -1.60818e-3 -1.60818e-3
1.51515e-1 1.81818e-1 -2.35802e-3 -2.35802e-3
1.51515e-1 2.12121e-1 -3.24092e-3 -3.24092e-3
1.51515e-1 2.42424e-1 -4.24731e-3 -4.24731e-3
1.51515e-1 2.72727e-1 -5.36577e-3 -5.36577e-3
1.51515e-1 3.0303e-1 -6.58301e-3 -6.58301e-3
1.51515e-1 3.33333e-1 -7.8838e-3 -7.8838e-3
1.51515e-1 3.63636e-1 -9.25094e-3 -9.25094e-3
1.51515e-1 3.93939e-1 -1.06654e-2 -1.06654e-2
1.51515e-1 4.24242e-1 -1.21068e-2 -1.21068e-2
1.51515e-1 4.54545e-1 -1.35538e-2 -1.35538e-2
1.51515e-1 4.84848e-1 -1.49853e-2 -1.49853e-2
1.51515e-1 5.15152e-1 -1.63814e-2 -1.63814e-2
1.51515e-1 5.45455e-1 -1.7725e-2 -1.7725e-2
1.51515e-1 5.75758e-1 -1.9004e-2 -1.9004e-2
1.51515e-1 6.06061e-1 -2.02129e-2 -2.02129e-2
1.51515e-1 6.36364e-1 -2.13554e-2 -2.13554e-2
1.51515e-1 6.66667e-1 -2.24469e-2 -2.24469e-2
1.51515e-1 6.9697e-1 -2.35168e-2 -2.35168e-2
1.51515e-1 7.27273e-1 -2.46103e-2 -2.46103e-2
1.51515e-1 7.57576e-1 -2.57872e-2 -2.57872e-2
1.51515e-1 7.87879e-1 -2.71143e-2 -2.71143e-2
1.51515e-1 8.18182e-1 -2.86411e-2 -2.86411e-2
1.51515e-1 8.48485e-1 -3.03378e-2 -3.03378e-2
1.51515e-1 8.78788e-1 -3.19518e-2 -3.19518e-2
1.51515e-1 9.09091e-1 -3.26992e-2 -3.26992e-2
1.51515e-1 9.39394e-1 -3.06749e-2 -3.06749e-2
1.51515e-1 9.69697e-1 -2.19546e-2 -2.19546e-2

1.81818e-1 3.0303e-2 -7.68195e-5 -7.68195e-5
1.81818e-1 6.06061e-2 -3.33985e-4 -3.33985e-4
1.81818e-1 9.09091e-2 -7.80718e-4 -7.80718e-4
1.81818e-1 1.21212e-1 -1.41877e-3 -1.41877e-3
1.81818e-1 1.51515e-1 -2.24476e-3 -2.24476e-3
1.81818e-1 1.81818e-1 -3.25173e-3 -3.25173e-3
1.81818e-1 2.12121e-1 -4.43003e-3 -4.43003e-3
1.81818e-1 2.42424e-1 -5.7677e-3 -5.7677e-3
1.81818e-1 2.72727e-1 -7.25045e-3 -7.25045e-3
1.81818e-1 3.0303e-1 -8.86159e-3 -8.86159e-3
1.81818e-1 3.33333e-1 -1.05819e-2 -1.05819e-2
1.81818e-1 3.63636e-1 -1.23893e-2 -1.23893e-2
1.81818e-1 3.93939e-1 -1.42594e-2 -1.42594e-2
1.81818e-1 4.24242e-1 -1.61656e-2 -1.61656e-2
1.81818e-1 4.54545e-1 -1.80797e-2 -1.80797e-2
1.81818e-1 4.84848e-1 -1.99733e-2 -1.99733e-2
1.81818e-1 5.15152e-1 -2.18189e-2 -2.18189e-2
1.81818e-1 5.45455e-1 -2.3592e-2 -2.3592e-2
1.81818e-1 5.75758e-1 -2.52729e-2 -2.52729e-2
1.81818e-1 6.06061e-1 -2.68493e-2 -2.68493e-2
1.81818e-1 6.36364e-1 -2.83185e-2 -2.83185e-2
1.81818e-1 6.66667e-1 -2.96899e-2 -2.96899e-2
1.81818e-1 6.9697e-1 -3.09866e-2 -3.09866e-2
1.81818e-1 7.27273e-1 -3.22455e-2 -3.22455e-2
1.81818e-1 7.57576e-1 -3.35139e-2 -3.35139e-2
1.81818e-1 7.87879e-1 -3.48357e-2 -3.48357e-2
1.81818e-1 8.18182e-1 -3.62198e-2 -3.62198e-2
1.81818e-1 8.48485e-1 -3.75643e-2 -3.75643e-2
1.81818e-1 8.78788e-1 -3.84991e-2 -3.84991e-2
1.81818e-1 9.09091e-1 -3.80815e-2 -3.80815e-2
1.81818e-1 9.39394e-1 -3.42904e-2 -3.42904e-2
1.81818e-1 9.69697e-1 -2.34157e-2 -2.34157e-2

2.12121e-1 3.0303e-2 -1.1206e-4 -1.1206e-4
2.12121e-1 6.06061e-2 -4.60807e-4 -4.60807e-4
2.12121e-1 9.09091e-2 -1.04899e-3 -1.04899e-3
2.12121e-1 1.21212e-1 -1.87424e-3 -1.87424e-3
2.12121e-1 1.51515e-1 -2.93029e-3 -2.93029e-3
2.12121e-1 1.81818e-1 -4.20789e-3 -4.20789e-3
2.12121e-1 2.12121e-1 -5.69526e-3 -5.69526e-3
2.12121e-1 2.42424e-1 -7.37815e-3 -7.37815e-3
2.12121e-1 2.72727e-1 -9.23965e-3 -9.23965e-3
2.12121e-1 3.0303e-1 -1.12599e-2 -1.12599e-2
2.12121e-1 3.33333e-1 -1.34158e-2 -1.34158e-2
2.12121e-1 3.63636e-1 -1.56808e-2 -1.56808e-2
2.12121e-1 3.93939e-1 -1.80247e-2 -1.80247e-2
2.12121e-1 4.24242e-1 -2.04146e-2 -2.04146e-2
2.12121e-1 4.54545e-1 -2.2815e-2 -2.2815e-2
2.12121e-1 4.84848e-1 -2.51893e-2 -2.51893e-2
2.12121e-1 5.15152e-1 -2.75013e-2 -2.75013e-2
2.12121e-1 5.45455e-1 -2.97174e-2 -2.97174e-2
2.12121e-1 5.75758e-1 -3.18087e-2 -3.18087e-2
2.12121e-1 6.06061e-1 -3.37535e-2 -3.37535e-2
2.12121e-1 6.36364e-1 -3.554e-2 -3.554e-2
2.12121e-1 6.66667e-1 -3.71682e-2 -3.71682e-2
2.12121e-1 6.9697e-1 -3.86509e-2 -3.86509e-2
2.12121e-1 7.27273e-1 -4.00126e-2 -4.00126e-2
2.12121e-1 7.57576e-1 -4.12828e-2 -4.12828e-2
2.12121e-1 7.87879e-1 -4.24794e-2 -4.24794e-2
2.12121e-1 8.18182e-1 -4.35698e-2 -4.35698e-2
2.12121e-1 8.48485e-1 -4.43874e-2 -4.43874e-2
2.12121e-1 8.78788e-1 -4.44705e-2 -4.44705e-2
2.12121e-1 9.09091e-1 -4.27769e-2 -4.27769e-2
2.12121e-1 9.39394e-1 -3.72691e-2 -3.72691e-2
2.12121e-1 9.69697e-1 -2.45281e-2 -2.45281e-2

2.42424e-1 3.0303e-2 -1.49255e-4 -1.49255e-4
2.42424e-1 6.06061e-2 -5.94053e-4 -5.94053e-4
2.42424e-1 9.09091e-2 -1.32946e-3 -1.32946e-3
2.42424e-1 1.21212e-1 -2.34801e-3 -2.34801e-3
2.42424e-1 1.51515e-1 -3.63994e-3 -3.63994e-3
2.42424e-1 1.81818e-1 -5.19349e-3 -5.19349e-3
2.42424e-1 2.12121e-1 -6.99474e-3 -6.99474e-3
2.42424e-1 2.42424e-1 -9.0274e-3 -9.0274e-3
2.42424e-1 2.72727e-1 -1.12723e-2 -1.12723e-2
2.42424e-1 3.0303e-1 -1.37068e-2 -1.37068e-2
2.42424e-1 3.33333e-1 -1.63044e-2 -1.63044e-2
2.42424e-1 3.63636e-1 -1.90339e-2 -1.90339e-2
2.42424e-1 3.93939e-1 -2.18599e-2 -2.18599e-2
2.42424e-1 4.24242e-1 -2.47426e-2 -2.47426e-2
2.42424e-1 4.54545e-1 -2.76388e-2 -2.76388e-2
2.42424e-1 4.84848e-1 -3.0503e-2 -3.0503e-2
2.42424e-1 5.15152e-1 -3.32892e-2 -3.32892e-2
2.42424e-1 5.45455e-1 -3.59531e-2 -3.59531e-2
2.42424e-1 5.75758e-1 -3.8455e-2 -3.8455e-2
2.42424e-1 6.06061e-1 -4.07618e-2 -4.07618e-2
2.42424e-1 6.36364e-1 -4.28503e-2 -4.28503e-2
2.42424e-1 6.66667e-1 -4.47083e-2 -4.47083e-2
2.42424e-1 6.9697e-1 -4.63358e-2 -4.63358e-2
2.42424e-1 7.27273e-1 -4.77418e-2 -4.77418e-2
2.42424e-1 7.57576e-1 -4.89366e-2 -4.89366e-2
2.42424e-1 7.87879e-1 -4.99115e-2 -4.99115e-2
2.42424e-1 8.18182e-1 -5.05951e-2 -5.05951e-2
2.42424e-1 8.48485e-1 -5.07674e-2 -5.07674e-2
2.42424e-1 8.78788e-1 -4.98995e-2 -4.98995e-2
2.42424e-1 9.09091e-1 -4.6897e-2 -4.6897e-2
2.42424e-1 9.39394e-1 -3.97684e-2 -3.97684e-2
2.42424e-1 9.69697e-1 -2.54068e-2 -2.54068e-2

2.72727e-1 3.0303e-2 -1.86997e-4 -1.86997e-4
2.72727e-1 6.06061e-2 -7.28811e-4 -7.28811e-4
2.72727e-1 9.09091e-2 -1.61215e-3 -1.61215e-3
2.72727e-1 1.21212e-1 -2.82385e-3 -2.82385e-3
2.72727e-1 1.51515e-1 -4.3504e-3 -4.3504e-3
2.72727e-1 1.81818e-1 -6.1774e-3 -6.1774e-3
2.72727e-1 2.12121e-1 -8.28908e-3 -8.28908e-3
2.72727e-1 2.42424e-1 -1.06675e-2 -1.06675e-2
2.72727e-1 2.72727e-1 -1.32916e-2 -1.32916e-2
2.72727e-1 3.0303e-1 -1.61367e-2 -1.61367e-2
2.72727e-1 3.33333e-1 -1.91731e-2 -1.91731e-2
2.72727e-1 3.63636e-1 -2.23657e-2 -2.23657e-2
2.72727e-1 3.93939e-1 -2.56737e-2 -2.56737e-2
2.72727e-1 4.24242e-1 -2.90505e-2 -2.90505e-2
2.72727e-1 4.54545e-1 -3.24447e-2 -3.24447e-2
2.72727e-1 4.84848e-1 -3.58011e-2 -3.58011e-2
2.72727e-1 5.15152e-1 -3.9063e-2 -3.9063e-2
2.72727e-1 5.45455e-1 -4.21743e-2 -4.21743e-2
2.72727e-1 5.75758e-1 -4.50824e-2 -4.50824e-2
2.72727e-1 6.06061e-1 -4.77415e-2 -4.77415e-2
2.72727e-1 6.36364e-1 -5.01148e-2 -5.01148e-2
2.72727e-1 6.66667e-1 -5.21764e-2 -5.21764e-2
2.72727e-1 6.9697e-1 -5.39114e-2 -5.39114e-2
2.72727e-1 7.27273e-1 -5.53125e-2 -5.53125e-2
2.72727e-1 7.57576e-1 -5.63704e-2 -5.63704e-2
2.72727e-1 7.87879e-1 -5.70509e-2 -5.70509e-2
2.72727e-1 8.18182e-1 -5.72492e-2 -5.72492e-2
2.72727e-1 8.48485e-1 -5.67023e-2 -5.67023e-2
2.72727e-1 8.78788e-1 -5.48361e-2 -5.48361e-2
2.72727e-1 9.09091e-1 -5.05383e-2 -5.05383e-2
2.72727e-1 9.39394e-1 -4.19009e-2 -4.19009e-2
2.72727e-1 9.69697e-1 -2.61228e-2 -2.61228e-2

3.0303e-1 3.0303e-2 -2.24052e-4 -2.24052e-4
3.0303e-1 6.06061e-2 -8.60618e-4 -8.60618e-4
3.0303e-1 9.09091e-2 -1.88778e-3 -1.88778e-3
3.0303e-1 1.21212e-1 -3.28653e-3 -3.28653e-3
3.0303e-1 1.51515e-1 -5.03954e-3 -5.03954e-3
3.0303e-1 1.81818e-1 -7.13006e-3 -7.13006e-3
3.0303e-1 2.12121e-1 -9.5408e-3 -9.5408e-3
3.0303e-1 2.42424e-1 -1.22527e-2 -1.22527e-2
3.0303e-1 2.72727e-1 -1.52438e-2 -1.52438e-2
3.0303e-1 3.0303e-1 -1.84876e-2 -1.84876e-2
3.0303e-1 3.33333e-1 -2.19521e-2 -2.19521e-2
3.0303e-1 3.63636e-1 -2.55986e-2 -2.55986e-2
3.0303e-1 3.93939e-1 -2.93814e-2 -2.93814e-2
3.0303e-1 4.24242e-1 -3.3247e-2 -3.3247e-2
3.0303e-1 4.54545e-1 -3.71356e-2 -3.71356e-2
3.0303e-1 4.84848e-1 -4.09817e-2 -4.09817e-2
3.0303e-1 5.15152e-1 -4.47168e-2 -4.47168e-2
3.0303e-1 5.45455e-1 -4.82717e-2 -4.82717e-2
3.0303e-1 5.75758e-1 -5.15799e-2 -5.15799e-2
3.0303e-1 6.06061e-1 -5.45809e-2 -5.45809e-2
3.0303e-1 6.36364e-1 -5.72232e-2 -5.72232e-2
3.0303e-1 6.66667e-1 -5.94659e-2 -5.94659e-2
3.0303e-1 6.9697e-1 -6.12783e-2 -6.12783e-2
3.0303e-1 7.27273e-1 -6.26366e-2 -6.26366e-2
3.0303e-1 7.57576e-1 -6.35123e-2 -6.35123e-2
3.0303e-1 7.87879e-1 -6.38482e-2 -6.38482e-2
3.0303e-1 8.18182e-1 -6.35114e-2 -6.35114e-2
3.0303e-1 8.48485e-1 -6.22057e-2 -6.22057e-2
3.0303e-1 8.78788e-1 -5.93295e-2 -5.93295e-2
3.0303e-1 9.09091e-1 -5.37776e-2 -5.37776e-2
3.0303e-1 9.39394e-1 -4.37458e-2 -4.37458e-2
3.0303e-1 9.69697e-1 -2.67205e-2 -2.67205e-2

3.33333e-1 3.0303e-2 -2.59269e-4 -2.59269e-4
3.33333e-1 6.06061e-2 -9.85265e-4 -9.85265e-4
3.33333e-1 9.09091e-2 -2.14756e-3 -2.14756e-3
3.33333e-1 1.21212e-1 -3.72147e-3 -3.72147e-3
3.33333e-1 1.51515e-1 -5.68617e-3 -5.68617e-3
3.33333e-1 1.81818e-1 -8.02297e-3 -8.02297e-3
3.33333e-1 2.12121e-1 -1.07137e-2 -1.07137e-2
3.33333e-1 2.42424e-1 -1.37391e-2 -1.37391e-2
3.33333e-1 2.72727e-1 -1.70766e-2 -1.70766e-2
3.33333e-1 3.0303e-1 -2.06994e-2 -2.06994e-2
3.33333e-1 3.33333e-1 -2.45736e-2 -2.45736e-2
3.33333e-1 3.63636e-1 -2.86579e-2 -2.86579e-2
3.33333e-1 3.93939e-1 -3.29016e-2 -3.29016e-2
3.33333e-1 4.24242e-1 -3.7245e-2 -3.7245e-2
3.33333e-1 4.54545e-1 -4.16194e-2 -4.16194e-2
3.33333e-1 4.84848e-1 -4.59487e-2 -4.59487e-2
3.33333e-1 5.15152e-1 -5.01516e-2 -5.01516e-2
3.33333e-1 5.45455e-1 -5.41448e-2 -5.41448e-2
3.33333e-1 5.75758e-1 -5.78467e-2 -5.78467e-2
3.33333e-1 6.06061e-1 -6.1181e-2 -6.1181e-2
3.33333e-1 6.36364e-1 -6.40801e-2 -6.40801e-2
3.33333e-1 6.66667e-1 -6.64872e-2 -6.64872e-2
3.33333e-1 6.9697e-1 -6.83557e-2 -6.83557e-2
3.33333e-1 7.27273e-1 -6.96453e-2 -6.96453e-2
3.33333e-1 7.57576e-1 -7.03094e-2 -7.03094e-2
3.33333e-1 7.87879e-1 -7.02707e-2 -7.02707e-2
3.33333e-1 8.18182e-1 -6.93726e-2 -6.93726e-2
3.33333e-1 8.48485e-1 -6.72949e-2 -6.72949e-2
3.33333e-1 8.78788e-1 -6.3422e-2 -6.3422e-2
3.33333e-1 9.09091e-1 -5.6673e-2 -5.6673e-2
3.33333e-1 9.39394e-1 -4.53581e-2 -4.53581e-2
3.33333e-1 9.69697e-1 -2.72281e-2 -2.72281e-2

3.63636e-1 3.0303e-2 -2.91518e-4 -2.91518e-4
3.63636e-1 6.06061e-2 -1.09866e-3 -1.09866e-3
3.63636e-1 9.09091e-2 -2.38294e-3 -2.38294e-3
3.63636e-1 1.21212e-1 -4.11453e-3 -4.11453e-3
3.63636e-1 1.51515e-1 -6.26967e-3 -6.26967e-3
3.63636e-1 1.81818e-1 -8.82846e-3 -8.82846e-3
3.63636e-1 2.12121e-1 -1.17727e-2 -1.17727e-2
3.63636e-1 2.42424e-1 -1.50835e-2 -1.50835e-2
3.63636e-1 2.72727e-1 -1.87394e-2 -1.87394e-2
3.63636e-1 3.0303e-1 -2.27135e-2 -2.27135e-2
3.63636e-1 3.33333e-1 -2.69715e-2 -2.69715e-2
3.63636e-1 3.63636e-1 -3.147e-2 -3.147e-2
3.63636e-1 3.93939e-1 -3.61544e-2 -3.61544e-2
3.63636e-1 4.24242e-1 -4.09587e-2 -4.09587e-2
3.63636e-1 4.54545e-1 -4.58056e-2 -4.58056e-2
3.63636e-1 4.84848e-1 -5.06079e-2 -5.06079e-2
3.63636e-1 5.15152e-1 -5.5271e-2 -5.5271e-2
3.63636e-1 5.45455e-1 -5.96967e-2 -5.96967e-2
3.63636e-1 5.75758e-1 -6.37869e-2 -6.37869e-2
3.63636e-1 6.06061e-1 -6.74485e-2 -6.74485e-2
3.63636e-1 6.36364e-1 -7.05971e-2 -7.05971e-2
3.63636e-1 6.66667e-1 -7.31592e-2 -7.31592e-2
3.63636e-1 6.9697e-1 -7.50721e-2 -7.50721e-2
3.63636e-1 7.27273e-1 -7.62794e-2 -7.62794e-2
3.63636e-1 7.57576e-1 -7.67179e-2 -7.67179e-2
3.63636e-1 7.87879e-1 -7.62923e-2 -7.62923e-2
3.63636e-1 8.18182e-1 -7.48268e-2 -7.48268e-2
3.63636e-1 8.48485e-1 -7.19842e-2 -7.19842e-2
3.63636e-1 8.78788e-1 -6.71459e-2 -6.71459e-2
3.63636e-1 9.09091e-1 -5.92669e-2 -5.92669e-2
3.63636e-1 9.39394e-1 -4.67753e-2 -4.67753e-2
3.63636e-1 9.69697e-1 -2.76634e-2 -2.76634e-2

3.93939e-1 3.0303e-2 -3.19652e-4 -3.19652e-4
3.93939e-1 6.06061e-2 -1.19674e-3 -1.19674e-3
3.93939e-1 9.09091e-2 -2.58558e-3 -2.58558e-3
3.93939e-1 1.21212e-1 -4.45197e-3 -4.45197e-3
3.93939e-1 1.51515e-1 -6.77009e-3 -6.77009e-3
3.93939e-1 1.81818e-1 -9.5197e-3 -9.5197e-3
3.93939e-1 2.12121e-1 -1.26835e-2 -1.26835e-2
3.93939e-1 2.42424e-1 -1.62443e-2 -1.62443e-2
3.93939e-1 2.72727e-1 -2.01823e-2 -2.01823e-2
3.93939e-1 3.0303e-1 -2.44722e-2 -2.44722e-2
3.93939e-1 3.33333e-1 -2.90803e-2 -2.90803e-2
3.93939e-1 3.63636e-1 -3.3962e-2 -3.3962e-2
3.93939e-1 3.93939e-1 -3.90598e-2 -3.90598e-2
3.93939e-1 4.24242e-1 -4.4302e-2 -4.4302e-2
3.93939e-1 4.54545e-1 -4.96029e-2 -4.96029e-2
3.93939e-1 4.84848e-1 -5.48643e-2 -5.48643e-2
3.93939e-1 5.15152e-1 -5.99779e-2 -5.99779e-2
3.93939e-1 5.45455e-1 -6.48296e-2 -6.48296e-2
3.93939e-1 5.75758e-1 -6.93042e-2 -6.93042e-2
3.93939e-1 6.06061e-1 -7.32908e-2 -7.32908e-2
3.93939e-1 6.36364e-1 -7.66871e-2 -7.66871e-2
3.93939e-1 6.66667e-1 -7.94027e-2 -7.94027e-2
3.93939e-1 6.9697e-1 -8.13585e-2 -8.13585e-2
3.93939e-1 7.27273e-1 -8.24823e-2 -8.24823e-2
3.93939e-1 7.57576e-1 -8.26955e-2 -8.26955e-2
3.93939e-1 7.87879e-1 -8.18868e-2 -8.18868e-2
3.93939e-1 8.18182e-1 -7.98649e-2 -7.98649e-2
3.93939e-1 8.48485e-1 -7.62815e-2 -7.62815e-2
3.93939e-1 8.78788e-1 -7.05228e-2 -7.05228e-2
3.93939e-1 9.09091e-1 -6.1588e-2 -6.1588e-2
3.93939e-1 9.39394e-1 -4.80225e-2 -4.80225e-2
3.93939e-1 9.69697e-1 -2.80377e-2 -2.80377e-2

4.24242e-1 3.0303e-2 -3.42513e-4 -3.42513e-4
4.24242e-1 6.06061e-2 -1.27554e-3 -1.27554e-3
4.24242e-1 9.09091e-2 -2.74741e-3 -2.74741e-3
4.24242e-1 1.21212e-1 -4.72068e-3 -4.72068e-3
4.24242e-1 1.51515e-1 -7.16847e-3 -7.16847e-3
4.24242e-1 1.81818e-1 -1.00713e-2 -1.00713e-2
4.24242e-1 2.12121e-1 -1.34137e-2 -1.34137e-2
4.24242e-1 2.42424e-1 -1.71814e-2 -1.71814e-2
4.24242e-1 2.72727e-1 -2.13576e-2 -2.13576e-2
4.24242e-1 3.0303e-1 -2.59197e-2 -2.59197e-2
4.24242e-1 3.33333e-1 -3.08359e-2 -3.08359e-2
4.24242e-1 3.63636e-1 -3.60618e-2 -3.60618e-2
4.24242e-1 3.93939e-1 -4.15379e-2 -4.15379e-2
4.24242e-1 4.24242e-1 -4.71879e-2 -4.71879e-2
4.24242e-1 4.54545e-1 -5.29186e-2 -5.29186e-2
4.24242e-1 4.84848e-1 -5.86207e-2 -5.86207e-2
4.24242e-1 5.15152e-1 -6.41721e-2 -6.41721e-2
4.24242e-1 5.45455e-1 -6.94425e-2 -6.94425e-2
4.24242e-1 5.75758e-1 -7.42989e-2 -7.42989e-2
4.24242e-1 6.06061e-1 -7.86117e-2 -7.86117e-2
4.24242e-1 6.36364e-1 -8.226e-2 -8.226e-2
4.24242e-1 6.66667e-1 -8.51357e-2 -8.51357e-2
4.24242e-1 6.9697e-1 -8.71431e-2 -8.71431e-2
4.24242e-1 7.27273e-1 -8.81945e-2 -8.81945e-2
4.24242e-1 7.57576e-1 -8.81965e-2 -8.81965e-2
4.24242e-1 7.87879e-1 -8.70236e-2 -8.70236e-2
4.24242e-1 8.18182e-1 -8.44717e-2 -8.44717e-2
4.24242e-1 8.48485e-1 -8.01862e-2 -8.01862e-2
4.24242e-1 8.78788e-1 -7.35642e-2 -7.35642e-2
4.24242e-1 9.09091e-1 -6.36539e-2 -6.36539e-2
4.24242e-1 9.39394e-1 -4.91152e-2 -4.91152e-2
4.24242e-1 9.69697e-1 -2.83575e-2 -2.83575e-2

4.54545e-1 3.0303e-2 -3.58971e-4 -3.58971e-4
4.54545e-1 6.06061e-2 -1.33131e-3 -1.33131e-3
4.54545e-1 9.09091e-2 -2.86097e-3 -2.86097e-3
4.54545e-1 1.21212e-1 -4.9086e-3 -4.9086e-3
4.54545e-1 1.51515e-1 -7.4475e-3 -7.4475e-3
4.54545e-1 1.81818e-1 -1.04599e-2 -1.04599e-2
4.54545e-1 2.12121e-1 -1.39336e-2 -1.39336e-2
4.54545e-1 2.42424e-1 -1.7858e-2 -1.7858e-2
4.54545e-1 2.72727e-1 -2.22207e-2 -2.22207e-2
4.54545e-1 3.0303e-1 -2.70032e-2 -2.70032e-2
4.54545e-1 3.33333e-1 -3.21768e-2 -3.21768e-2
4.54545e-1 3.63636e-1 -3.7699e-2 -3.7699e-2
4.54545e-1 3.93939e-1 -4.35098e-2 -4.35098e-2
4.54545e-1 4.24242e-1 -4.95296e-2 -4.95296e-2
4.54545e-1 4.54545e-1 -5.56584e-2 -5.56584e-2
4.54545e-1 4.84848e-1 -6.17769e-2 -6.17769e-2
4.54545e-1 5.15152e-1 -6.77496e-2 -6.77496e-2
4.54545e-1 5.45455e-1 -7.34297e-2 -7.34297e-2
4.54545e-1 5.75758e-1 -7.86659e-2 -7.86659e-2
4.54545e-1 6.06061e-1 -8.33091e-2 -8.33091e-2
4.54545e-1 6.36364e-1 -8.72194e-2 -8.72194e-2
4.54545e-1 6.66667e-1 -9.02699e-2 -9.02699e-2
4.54545e-1 6.9697e-1 -9.23479e-2 -9.23479e-2
4.54545e-1 7.27273e-1 -9.33501e-2 -9.33501e-2
4.54545e-1 7.57576e-1 -9.31686e-2 -9.31686e-2
4.54545e-1 7.87879e-1 -9.16647e-2 -9.16647e-2
4.54545e-1 8.18182e-1 -8.86239e-2 -8.86239e-2
4.54545e-1 8.48485e-1 -8.36887e-2 -8.36887e-2
4.54545e-1 8.78788e-1 -7.62714e-2 -7.62714e-2
4.54545e-1 9.09091e-1 -6.54724e-2 -6.54724e-2
4.54545e-1 9.39394e-1 -5.00614e-2 -5.00614e-2
4.54545e-1 9.69697e-1 -2.86264e-2 -2.86264e-2

4.84848e-1 3.0303e-2 -3.67992e-4 -3.67992e-4
4.84848e-1 6.06061e-2 -1.36074e-3 -1.36074e-3
4.84848e-1 9.09091e-2 -2.91979e-3 -2.91979e-3
4.84848e-1 1.21212e-1 -5.00547e-3 -5.00547e-3
4.84848e-1 1.51515e-1 -7.59248e-3 -7.59248e-3
4.84848e-1 1.81818e-1 -1.0666e-2 -1.0666e-2
4.84848e-1 2.12121e-1 -1.42177e-2 -1.42177e-2
4.84848e-1 2.42424e-1 -1.82422e-2 -1.82422e-2
4.84848e-1 2.72727e-1 -2.27324e-2 -2.27324e-2
4.84848e-1 3.0303e-1 -2.76752e-2 -2.76752e-2
4.84848e-1 3.33333e-1 -3.30467e-2 -3.30467e-2
4.84848e-1 3.63636e-1 -3.88078e-2 -3.88078e-2
4.84848e-1 3.93939e-1 -4.48998e-2 -4.48998e-2
4.84848e-1 4.24242e-1 -5.12415e-2 -5.12415e-2
4.84848e-1 4.54545e-1 -5.77281e-2 -5.77281e-2
4.84848e-1 4.84848e-1 -6.42312e-2 -6.42312e-2
4.84848e-1 5.15152e-1 -7.06028e-2 -7.06028e-2
4.84848e-1 5.45455e-1 -7.66801e-2 -7.66801e-2
4.84848e-1 5.75758e-1 -8.22934e-2 -8.22934e-2
4.84848e-1 6.06061e-1 -8.72736e-2 -8.72736e-2
4.84848e-1 6.36364e-1 -9.14607e-2 -9.14607e-2
4.84848e-1 6.66667e-1 -9.47083e-2 -9.47083e-2
4.84848e-1 6.9697e-1 -9.6886e-2 -9.6886e-2
4.84848e-1 7.27273e-1 -9.7874e-2 -9.7874e-2
4.84848e-1 7.57576e-1 -9.75499e-2 -9.75499e-2
4.84848e-1 7.87879e-1 -9.57624e-2 -9.57624e-2
4.84848e-1 8.18182e-1 -9.22881e-2 -9.22881e-2
4.84848e-1 8.48485e-1 -8.67691e-2 -8.67691e-2
4.84848e-1 8.78788e-1 -7.86363e-2 -7.86363e-2
4.84848e-1 9.09091e-1 -6.70429e-2 -6.70429e-2
4.84848e-1 9.39394e-1 -5.08635e-2 -5.08635e-2
4.84848e-1 9.69697e-1 -2.88454e-2 -2.88454e-2

5.15152e-1 3.0303e-2 -3.68733e-4 -3.68733e-4
5.15152e-1 6.06061e-2 -1.36125e-3 -1.36125e-3
5.15152e-1 9.09091e-2 -2.91899e-3 -2.91899e-3
5.15152e-1 1.21212e-1 -5.00361e-3 -5.00361e-3
5.15152e-1 1.51515e-1 -7.59247e-3 -7.59247e-3
5.15152e-1 1.81818e-1 -1.06746e-2 -1.06746e-2
5.15152e-1 2.12121e-1 -1.42466e-2 -1.42466e-2
5.15152e-1 2.42424e-1 -1.83089e-2 -1.83089e-2
5.15152e-1 2.72727e-1 -2.28608e-2 -2.28608e-2
5.15152e-1 3.0303e-1 -2.78959e-2 -2.78959e-2
5.15152e-1 3.33333e-1 -3.33967e-2 -3.33967e-2
5.15152e-1 3.63636e-1 -3.93291e-2 -3.93291e-2
5.15152e-1 3.93939e-1 -4.56378e-2 -4.56378e-2
5.15152e-1 4.24242e-1 -5.22426e-2 -5.22426e-2
5.15152e-1 4.54545e-1 -5.90355e-2 -5.90355e-2
5.15152e-1 4.84848e-1 -6.58816e-2 -6.58816e-2
5.15152e-1 5.15152e-1 -7.26217e-2 -7.26217e-2
5.15152e-1 5.45455e-1 -7.90782e-2 -7.90782e-2
5.15152e-1 5.75758e-1 -8.50631e-2 -8.50631e-2
5.15152e-1 6.06061e-1 -9.03874e-2 -9.03874e-2
5.15152e-1 6.36364e-1 -9.48699e-2 -9.48699e-2
5.15152e-1 6.66667e-1 -9.83438e-2 -9.83438e-2
5.15152e-1 6.9697e-1 -1.0066e-1 -1.0066e-1
5.15152e-1 7.27273e-1 -1.0168e-1 -1.0168e-1
5.15152e-1 7.57576e-1 -1.01268e-1 -1.01268e-1
5.15152e-1 7.87879e-1 -9.92582e-2 -9.92582e-2
5.15152e-1 8.18182e-1 -9.54203e-2 -9.54203e-2
5.15152e-1 8.48485e-1 -8.93975e-2 -8.93975e-2
5.15152e-1 8.78788e-1 -8.06411e-2 -8.06411e-2
5.15152e-1 9.09091e-1 -6.83573e-2 -6.83573e-2
5.15152e-1 9.39394e-1 -5.15185e-2 -5.15185e-2
5.15152e-1 9.69697e-1 -2.90135e-2 -2.90135e-2

5.45455e-1 3.0303e-2 -3.60648e-4 -3.60648e-4
5.45455e-1 6.06061e-2 -1.33132e-3 -1.33132e-3
5.45455e-1 9.09091e-2 -2.85582e-3 -2.85582e-3
5.45455e-1 1.21212e-1 -4.89884e-3 -4.89884e-3
5.45455e-1 1.51515e-1 -7.44151e-3 -7.44151e-3
5.45455e-1 1.81818e-1 -1.04774e-2 -1.04774e-2
5.45455e-1 2.12121e-1 -1.40088e-2 -1.40088e-2
5.45455e-1 2.42424e-1 -1.80424e-2 -1.80424e-2
5.45455e-1 2.72727e-1 -2.25846e-2 -2.25846e-2
5.45455e-1 3.0303e-1 -2.76368e-2 -2.76368e-2
5.45455e-1 3.33333e-1 -3.3189e-2 -3.3189e-2
5.45455e-1 3.63636e-1 -3.92145e-2 -3.92145e-2
5.45455e-1 3.93939e-1 -4.56637e-2 -4.56637e-2
5.45455e-1 4.24242e-1 -5.24597e-2 -5.24597e-2
5.45455e-1 4.54545e-1 -5.94946e-2 -5.94946e-2
5.45455e-1 4.84848e-1 -6.66295e-2 -6.66295e-2
5.45455e-1 5.15152e-1 -7.36968e-2 -7.36968e-2
5.45455e-1 5.45455e-1 -8.05058e-2 -8.05058e-2
5.45455e-1 5.75758e-1 -8.68515e-2 -8.68515e-2
5.45455e-1 6.06061e-1 -9.25249e-2 -9.25249e-2
5.45455e-1 6.36364e-1 -9.73231e-2 -9.73231e-2
5.45455e-1 6.66667e-1 -1.01058e-1 -1.01058e-1
5.45455e-1 6.9697e-1 -1.03559e-1 -1.03559e-1
5.45455e-1 7.27273e-1 -1.04669e-1 -1.04669e-1
5.45455e-1 7.57576e-1 -1.04236e-1 -1.04236e-1
5.45455e-1 7.87879e-1 -1.02081e-1 -1.02081e-1
5.45455e-1 8.18182e-1 -9.79647e-2 -9.79647e-2
5.45455e-1 8.48485e-1 -9.15333e-2 -9.15333e-2
5.45455e-1 8.78788e-1 -8.22592e-2 -8.22592e-2
5.45455e-1 9.09091e-1 -6.94002e-2 -6.94002e-2
5.45455e-1 9.39394e-1 -5.20194e-2 -5.20194e-2
5.45455e-1 9.69697e-1 -2.91284e-2 -2.91284e-2

5.75758e-1 3.0303e-2 -3.43592e-4 -3.43592e-4
5.75758e-1 6.06061e-2 -1.27074e-3 -1.27074e-3
5.75758e-1 9.09091e-2 -2.7302e-3 -2.7302e-3
5.75758e-1 1.21212e-1 -4.69125e-3 -4.69125e-3
5.75758e-1 1.51515e-1 -7.13969e-3 -7.13969e-3
5.75758e-1 1.81818e-1 -1.00742e-2 -1.00742e-2
5.75758e-1 2.12121e-1 -1.35026e-2 -1.35026e-2
5.75758e-1 2.42424e-1 -1.74383e-2 -1.74383e-2
5.75758e-1 2.72727e-1 -2.18953e-2 -2.18953e-2
5.75758e-1 3.0303e-1 -2.68832e-2 -2.68832e-2
5.75758e-1 3.33333e-1 -3.2401e-2 -3.2401e-2
5.75758e-1 3.63636e-1 -3.8431e-2 -3.8431e-2
5.75758e-1 3.93939e-1 -4.49318e-2 -4.49318e-2
5.75758e-1 4.24242e-1 -5.18328e-2 -5.18328e-2
5.75758e-1 4.54545e-1 -5.903e-2 -5.903e-2
5.75758e-1 4.84848e-1 -6.63843e-2 -6.63843e-2
5.75758e-1 5.15152e-1 -7.37231e-2 -7.37231e-2
5.75758e-1 5.45455e-1 -8.08456e-2 -8.08456e-2
5.75758e-1 5.75758e-1 -8.75319e-2 -8.75319e-2
5.75758e-1 6.06061e-1 -9.3554e-2 -9.3554e-2
5.75758e-1 6.36364e-1 -9.86872e-2 -9.86872e-2
5.75758e-1 6.66667e-1 -1.0272e-1 -1.0272e-1
5.75758e-1 6.9697e-1 -1.0546e-1 -1.0546e-1
5.75758e-1 7.27273e-1 -1.06729e-1 -1.06729e-1
5.75758e-1 7.57576e-1 -1.06355e-1 -1.06355e-1
5.75758e-1 7.87879e-1 -1.04146e-1 -1.04146e-1
5.75758e-1 8.18182e-1 -9.98526e-2 -9.98526e-2
5.75758e-1 8.48485e-1 -9.31243e-2 -9.31243e-2
5.75758e-1 8.78788e-1 -8.34545e-2 -8.34545e-2
5.75758e-1 9.09091e-1 -7.01498e-2 -7.01498e-2
5.75758e-1 9.39394e-1 -5.2355e-2 -5.2355e-2
5.75758e-1 9.69697e-1 -2.91863e-2 -2.91863e-2

6.06061e-1 3.0303e-2 -3.17911e-4 -3.17911e-4
6.06061e-1 6.06061e-2 -1.18095e-3 -1.18095e-3
6.06061e-1 9.09091e-2 -2.54521e-3 -2.54521e-3
6.06061e-1 1.21212e-1 -4.38593e-3 -4.38593e-3
6.06061e-1 1.51515e-1 -6.69414e-3 -6.69414e-3
6.06061e-1 1.81818e-1 -9.4736e-3 -9.4736e-3
6.06061e-1 2.12121e-1 -1.27378e-2 -1.27378e-2
6.06061e-1 2.42424e-1 -1.65062e-2 -1.65062e-2
6.06061e-1 2.72727e-1 -2.08004e-2 -2.08004e-2
6.06061e-1 3.0303e-1 -2.56385e-2 -2.56385e-2
6.06061e-1 3.33333e-1 -3.10293e-2 -3.10293e-2
6.06061e-1 3.63636e-1 -3.69655e-2 -3.69655e-2
6.06061e-1 3.93939e-1 -4.34165e-2 -4.34165e-2
6.06061e-1 4.24242e-1 -5.03214e-2 -5.03214e-2
6.06061e-1 4.54545e-1 -5.75842e-2 -5.75842e-2
6.06061e-1 4.84848e-1 -6.507e-2 -6.507e-2
6.06061e-1 5.15152e-1 -7.26062e-2 -7.26062e-2
6.06061e-1 5.45455e-1 -7.99863e-2 -7.99863e-2
6.06061e-1 5.75758e-1 -8.6979e-2 -8.6979e-2
6.06061e-1 6.06061e-1 -9.33391e-2 -9.33391e-2
6.06061e-1 6.36364e-1 -9.8821e-2 -9.8821e-2
6.06061e-1 6.66667e-1 -1.03189e-1 -1.03189e-1
6.06061e-1 6.9697e-1 -1.06226e-1 -1.06226e-1
6.06061e-1 7.27273e-1 -1.07731e-1 -1.07731e-1
6.06061e-1 7.57576e-1 -1.07509e-1 -1.07509e-1
6.06061e-1 7.87879e-1 -1.05352e-1 -1.05352e-1
6.06061e-1 8.18182e-1 -1.01001e-1 -1.01001e-1
6.06061e-1 8.48485e-1 -9.41067e-2 -9.41067e-2
6.06061e-1 8.78788e-1 -8.41814e-2 -8.41814e-2
6.06061e-1 9.09091e-1 -7.05771e-2 -7.05771e-2
6.06061e-1 9.39394e-1 -5.25105e-2 -5.25105e-2
6.06061e-1 9.69697e-1 -2.91823e-2 -2.91823e-2

6.36364e-1 3.0303e-2 -2.84501e-4 -2.84501e-4
6.36364e-1 6.06061e-2 -1.0651e-3 -1.0651e-3
6.36364e-1 9.09091e-2 -2.30731e-3 -2.30731e-3
6.36364e-1 1.21212e-1 -3.99329e-3 -3.99329e-3
6.36364e-1 1.51515e-1 -6.1195e-3 -6.1195e-3
6.36364e-1 1.81818e-1 -8.69449e-3 -8.69449e-3
6.36364e-1 2.12121e-1 -1.17366e-2 -1.17366e-2
6.36364e-1 2.42424e-1 -1.52708e-2 -1.52708e-2
6.36364e-1 2.72727e-1 -1.93254e-2 -1.93254e-2
6.36364e-1 3.0303e-1 -2.39268e-2 -2.39268e-2
6.36364e-1 3.33333e-1 -2.90937e-2 -2.90937e-2
6.36364e-1 3.63636e-1 -3.48304e-2 -3.48304e-2
6.36364e-1 3.93939e-1 -4.1119e-2 -4.1119e-2
6.36364e-1 4.24242e-1 -4.79118e-2 -4.79118e-2
6.36364e-1 4.54545e-1 -5.5125e-2 -5.5125e-2
6.36364e-1 4.84848e-1 -6.26337e-2 -6.26337e-2
6.36364e-1 5.15152e-1 -7.0271e-2 -7.0271e-2
6.36364e-1 5.45455e-1 -7.78308e-2 -7.78308e-2
6.36364e-1 5.75758e-1 -8.50752e-2 -8.50752e-2
6.36364e-1 6.06061e-1 -9.17463e-2 -9.17463e-2
6.36364e-1 6.36364e-1 -9.7579e-2 -9.7579e-2
6.36364e-1 6.66667e-1 -1.02314e-1 -1.02314e-1
6.36364e-1 6.9697e-1 -1.05707e-1 -1.05707e-1
6.36364e-1 7.27273e-1 -1.07531e-1 -1.07531e-1
6.36364e-1 7.57576e-1 -1.07566e-1 -1.07566e-1
6.36364e-1 7.87879e-1 -1.05584e-1 -1.05584e-1
6.36364e-1 8.18182e-1 -1.01313e-1 -1.01313e-1
6.36364e-1 8.48485e-1 -9.44028e-2 -9.44028e-2
6.36364e-1 8.78788e-1 -8.43838e-2 -8.43838e-2
6.36364e-1 9.09091e-1 -7.06463e-2 -7.06463e-2
6.36364e-1 9.39394e-1 -5.24672e-2 -5.24672e-2
6.36364e-1 9.69697e-1 -2.91104e-2 -2.91104e-2

6.66667e-1 3.0303e-2 -2.4482e-4 -2.4482e-4
6.66667e-1 6.06061e-2 -9.28112e-4 -9.28112e-4
6.66667e-1 9.09091e-2 -2.02634e-3 -2.02634e-3
6.66667e-1 1.21212e-1 -3.52909e-3 -3.52909e-3
6.66667e-1 1.51515e-1 -5.438e-3 -5.438e-3
6.66667e-1 1.81818e-1 -7.76569e-3 -7.76569e-3
6.66667e-1 2.12121e-1 -1.05342e-2 -1.05342e-2
6.66667e-1 2.42424e-1 -1.37729e-2 -1.37729e-2
6.66667e-1 2.72727e-1 -1.75154e-2 -1.75154e-2
6.66667e-1 3.0303e-1 -2.17954e-2 -2.17954e-2
6.66667e-1 3.33333e-1 -2.6641e-2 -2.6641e-2
6.66667e-1 3.63636e-1 -3.20683e-2 -3.20683e-2
6.66667e-1 3.93939e-1 -3.80737e-2 -3.80737e-2
6.66667e-1 4.24242e-1 -4.46254e-2 -4.46254e-2
6.66667e-1 4.54545e-1 -5.16561e-2 -5.16561e-2
6.66667e-1 4.84848e-1 -5.90568e-2 -5.90568e-2
6.66667e-1 5.15152e-1 -6.66731e-2 -6.66731e-2
6.66667e-1 5.45455e-1 -7.43069e-2 -7.43069e-2
6.66667e-1 5.75758e-1 -8.17215e-2 -8.17215e-2
6.66667e-1 6.06061e-1 -8.86515e-2 -8.86515e-2
6.66667e-1 6.36364e-1 -9.4817e-2 -9.4817e-2
6.66667e-1 6.66667e-1 -9.99366e-2 -9.99366e-2
6.66667e-1 6.9697e-1 -1.03739e-1 -1.03739e-1
6.66667e-1 7.27273e-1 -1.05966e-1 -1.05966e-1
6.66667e-1 7.57576e-1 -1.06372e-1 -1.06372e-1
6.66667e-1 7.87879e-1 -1.04702e-1 -1.04702e-1
6.66667e-1 8.18182e-1 -1.0067e-1 -1.0067e-1
6.66667e-1 8.48485e-1 -9.39197e-2 -9.39197e-2
6.66667e-1 8.78788e-1 -8.39936e-2 -8.39936e-2
6.66667e-1 9.09091e-1 -7.03136e-2 -7.03136e-2
6.66667e-1 9.39394e-1 -5.22024e-2 -5.22024e-2
6.66667e-1 9.69697e-1 -2.89631e-2 -2.89631e-2

6.9697e-1 3.0303e-2 -2.00844e-4 -2.00844e-4
6.9697e-1 6.06061e-2 -7.7653e-4 -7.7653e-4
6.9697e-1 9.09091e-2 -1.71524e-3 -1.71524e-3
6.9697e-1 1.21212e-1 -3.01394e-3 -3.01394e-3
6.9697e-1 1.51515e-1 -4.67887e-3 -4.67887e-3
6.9697e-1 1.81818e-1 -6.72555e-3 -6.72555e-3
6.9697e-1 2.12121e-1 -9.17836e-3 -9.17836e-3
6.9697e-1 2.42424e-1 -1.20692e-2 -1.20692e-2
6.9697e-1 2.72727e-1 -1.54354e-2 -1.54354e-2
6.9697e-1 3.0303e-1 -1.93159e-2 -1.93159e-2
6.9697e-1 3.33333e-1 -2.37472e-2 -2.37472e-2
6.9697e-1 3.63636e-1 -2.87564e-2 -2.87564e-2
6.9697e-1 3.93939e-1 -3.43544e-2 -3.43544e-2
6.9697e-1 4.24242e-1 -4.05271e-2 -4.05271e-2
6.9697e-1 4.54545e-1 -4.72274e-2 -4.72274e-2
6.9697e-1 4.84848e-1 -5.43674e-2 -5.43674e-2
6.9697e-1 5.15152e-1 -6.18134e-2 -6.18134e-2
6.9697e-1 5.45455e-1 -6.93835e-2 -6.93835e-2
6.9697e-1 5.75758e-1 -7.68515e-2 -7.68515e-2
6.9697e-1 6.06061e-1 -8.39542e-2 -8.39542e-2
6.9697e-1 6.36364e-1 -9.04037e-2 -9.04037e-2
6.9697e-1 6.66667e-1 -9.5901e-2 -9.5901e-2
6.9697e-1 6.9697e-1 -1.00149e-1 -1.00149e-1
6.9697e-1 7.27273e-1 -1.0286e-1 -1.0286e-1
6.9697e-1 7.57576e-1 -1.03755e-1 -1.03755e-1
6.9697e-1 7.87879e-1 -1.02549e-1 -1.02549e-1
6.9697e-1 8.18182e-1 -9.89343e-2 -9.89343e-2
6.9697e-1 8.48485e-1 -9.25449e-2 -9.25449e-2
6.9697e-1 8.78788e-1 -8.29276e-2 -8.29276e-2
6.9697e-1 9.09091e-1 -6.95248e-2 -6.95248e-2
6.9697e-1 9.39394e-1 -5.16876e-2 -5.16876e-2
6.9697e-1 9.69697e-1 -2.87314e-2 -2.87314e-2

7.27273e-1 3.0303e-2 -1.54972e-4 -1.54972e-4
7.27273e-1 6.06061e-2 -6.18172e-4 -6.18172e-4
7.27273e-1 9.09091e-2 -1.3894e-3 -1.3894e-3
7.27273e-1 1.21212e-1 -2.47242e-3 -2.47242e-3
7.27273e-1 1.51515e-1 -3.87702e-3 -3.87702e-3
7.27273e-1 1.81818e-1 -5.62035e-3 -5.62035e-3
7.27273e-1 2.12121e-1 -7.72737e-3 -7.72737e-3
7.27273e-1 2.42424e-1 -1.02306e-2 -1.02306e-2
7.27273e-1 2.72727e-1 -1.31687e-2 -1.31687e-2
7.27273e-1 3.0303e-1 -1.6584e-2 -1.6584e-2
7.27273e-1 3.33333e-1 -2.05185e-2 -2.05185e-2
7.27273e-1 3.63636e-1 -2.50086e-2 -2.50086e-2
7.27273e-1 3.93939e-1 -3.00787e-2 -3.00787e-2
7.27273e-1 4.24242e-1 -3.57327e-2 -3.57327e-2
7.27273e-1 4.54545e-1 -4.19457e-2 -4.19457e-2
7.27273e-1 4.84848e-1 -4.86555e-2 -4.86555e-2
7.27273e-1 5.15152e-1 -5.57554e-2 -5.57554e-2
7.27273e-1 5.45455e-1 -6.30897e-2 -6.30897e-2
7.27273e-1 5.75758e-1 -7.04537e-2 -7.04537e-2
7.27273e-1 6.06061e-1 -7.7598e-2 -7.7598e-2
7.27273e-1 6.36364e-1 -8.42381e-2 -8.42381e-2
7.27273e-1 6.66667e-1 -9.00668e-2 -9.00668e-2
7.27273e-1 6.9697e-1 -9.47671e-2 -9.47671e-2
7.27273e-1 7.27273e-1 -9.8022e-2 -9.8022e-2
7.27273e-1 7.57576e-1 -9.95174e-2 -9.95174e-2
7.27273e-1 7.87879e-1 -9.89357e-2 -9.89357e-2
7.27273e-1 8.18182e-1 -9.59383e-2 -9.59383e-2
7.27273e-1 8.48485e-1 -9.01402e-2 -9.01402e-2
7.27273e-1 8.78788e-1 -8.1082e-2 -8.1082e-2
7.27273e-1 9.09091e-1 -6.82116e-2 -6.82116e-2
7.27273e-1 9.39394e-1 -5.08869e-2 -5.08869e-2
7.27273e-1 9.69697e-1 -2.84037e-2 -2.84037e-2

7.57576e-1 3.0303e-2 -1.09867e-4 -1.09867e-4
7.57576e-1 6.06061e-2 -4.61659e-4 -4.61659e-4
7.57576e-1 9.09091e-2 -1.06574e-3 -1.06574e-3
7.57576e-1 1.21212e-1 -1.93153e-3 -1.93153e-3
7.57576e-1 1.51515e-1 -3.07113e-3 -3.07113e-3
7.57576e-1 1.81818e-1 -4.50179e-3 -4.50179e-3
7.57576e-1 2.12121e-1 -6.24741e-3 -6.24741e-3
7.57576e-1 2.42424e-1 -8.33901e-3 -8.33901e-3
7.57576e-1 2.72727e-1 -1.08142e-2 -1.08142e-2
7.57576e-1 3.0303e-1 -1.37157e-2 -1.37157e-2
7.57576e-1 3.33333e-1 -1.70883e-2 -1.70883e-2
7.57576e-1 3.63636e-1 -2.09746e-2 -2.09746e-2
7.57576e-1 3.93939e-1 -2.54097e-2 -2.54097e-2
7.57576e-1 4.24242e-1 -3.04137e-2 -3.04137e-2
7.57576e-1 4.54545e-1 -3.59838e-2 -3.59838e-2
7.57576e-1 4.84848e-1 -4.20856e-2 -4.20856e-2
7.57576e-1 5.15152e-1 -4.86445e-2 -4.86445e-2
7.57576e-1 5.45455e-1 -5.55394e-2 -5.55394e-2
7.57576e-1 5.75758e-1 -6.25985e-2 -6.25985e-2
7.57576e-1 6.06061e-1 -6.96006e-2 -6.96006e-2
7.57576e-1 6.36364e-1 -7.62798e-2 -7.62798e-2
7.57576e-1 6.66667e-1 -8.2335e-2 -8.2335e-2
7.57576e-1 6.9697e-1 -8.74412e-2 -8.74412e-2
7.57576e-1 7.27273e-1 -9.12603e-2 -9.12603e-2
7.57576e-1 7.57576e-1 -9.34462e-2 -9.34462e-2
7.57576e-1 7.87879e-1 -9.36439e-2 -9.36439e-2
7.57576e-1 8.18182e-1 -9.14775e-2 -9.14775e-2
7.57576e-1 8.48485e-1 -8.65306e-2 -8.65306e-2
7.57576e-1 8.78788e-1 -7.83218e-2 -7.83218e-2
7.57576e-1 9.09091e-1 -6.62832e-2 -6.62832e-2
7.57576e-1 9.39394e-1 -4.97512e-2 -4.97512e-2
7.57576e-1 9.69697e-1 -2.79635e-2 -2.79635e-2

7.87879e-1 3.0303e-2 -6.82619e-5 -6.82619e-5
7.87879e-1 6.06061e-2 -3.15781e-4 -3.15781e-4
7.87879e-1 9.09091e-2 -7.61506e-4 -7.61506e-4
7.87879e-1 1.21212e-1 -1.41891e-3 -1.41891e-3
7.87879e-1 1.51515e-1 -2.30099e-3 -2.30099e-3
7.87879e-1 1.81818e-1 -3.42372e-3 -3.42372e-3
7.87879e-1 2.12121e-1 -4.80834e-3 -4.80834e-3
7.87879e-1 2.42424e-1 -6.48248e-3 -6.48248e-3
7.87879e-1 2.72727e-1 -8.48042e-3 -8.48042e-3
7.87879e-1 3.0303e-1 -1.08423e-2 -1.08423e-2
7.87879e-1 3.33333e-1 -1.36121e-2 -1.36121e-2
7.87879e-1 3.63636e-1 -1.68349e-2 -1.68349e-2
7.87879e-1 3.93939e-1 -2.05522e-2 -2.05522e-2
7.87879e-1 4.24242e-1 -2.47966e-2 -2.47966e-2
7.87879e-1 4.54545e-1 -2.95843e-2 -2.95843e-2
7.87879e-1 4.84848e-1 -3.49075e-2 -3.49075e-2
7.87879e-1 5.15152e-1 -4.07255e-2 -4.07255e-2
7.87879e-1 5.45455e-1 -4.69568e-2 -4.69568e-2
7.87879e-1 5.75758e-1 -5.34729e-2 -5.34729e-2
7.87879e-1 6.06061e-1 -6.00944e-2 -6.00944e-2
7.87879e-1 6.36364e-1 -6.65921e-2 -6.65921e-2
7.87879e-1 6.66667e-1 -7.2691e-2 -7.2691e-2
7.87879e-1 6.9697e-1 -7.8078e-2 -7.8078e-2
7.87879e-1 7.27273e-1 -8.24103e-2 -8.24103e-2
7.87879e-1 7.57576e-1 -8.53217e-2 -8.53217e-2
7.87879e-1 7.87879e-1 -8.64237e-2 -8.64237e-2
7.87879e-1 8.18182e-1 -8.5299e-2 -8.5299e-2
7.87879e-1 8.48485e-1 -8.14867e-2 -8.14867e-2
7.87879e-1 8.78788e-1 -7.44615e-2 -7.44615e-2
7.87879e-1 9.09091e-1 -6.36101e-2 -6.36101e-2
7.87879e-1 9.39394e-1 -4.82083e-2 -4.82083e-2
7.87879e-1 9.69697e-1 -2.73856e-2 -2.73856e-2

8.18182e-1 3.0303e-2 -3.27293e-5 -3.27293e-5
8.18182e-1 6.06061e-2 -1.88778e-4 -1.88778e-4
8.18182e-1 9.09091e-2 -4.92876e-4 -4.92876e-4
8.18182e-1 1.21212e-1 -9.60614e-4 -9.60614e-4
8.18182e-1 1.51515e-1 -1.60447e-3 -1.60447e-3
8.18182e-1 1.81818e-1 -2.438e-3 -2.438e-3
8.18182e-1 2.12121e-1 -3.47854e-3 -3.47854e-3
8.18182e-1 2.42424e-1 -4.74889e-3 -4.74889e-3
8.18182e-1 2.72727e-1 -6.27799e-3 -6.27799e-3
8.18182e-1 3.0303e-1 -8.10079e-3 -8.10079e-3
8.18182e-1 3.33333e-1 -1.02572e-2 -1.02572e-2
8.18182e-1 3.63636e-1 -1.27902e-2 -1.27902e-2
8.18182e-1 3.93939e-1 -1.5743e-2 -1.5743e-2
8.18182e-1 4.24242e-1 -1.91546e-2 -1.91546e-2
8.18182e-1 4.54545e-1 -2.30548e-2 -2.30548e-2
8.18182e-1 4.84848e-1 -2.74572e-2 -2.74572e-2
8.18182e-1 5.15152e-1 -3.23522e-2 -3.23522e-2
8.18182e-1 5.45455e-1 -3.76981e-2 -3.76981e-2
8.18182e-1 5.75758e-1 -4.34142e-2 -4.34142e-2
8.18182e-1 6.06061e-1 -4.93742e-2 -4.93742e-2
8.18182e-1 6.36364e-1 -5.54021e-2 -5.54021e-2
8.18182e-1 6.66667e-1 -6.12717e-2 -6.12717e-2
8.18182e-1 6.9697e-1 -6.67081e-2 -6.67081e-2
8.18182e-1 7.27273e-1 -7.13918e-2 -7.13918e-2
8.18182e-1 7.57576e-1 -7.49613e-2 -7.49613e-2
8.18182e-1 7.87879e-1 -7.70134e-2 -7.70134e-2
8.18182e-1 8.18182e-1 -7.70971e-2 -7.70971e-2
8.18182e-1 8.48485e-1 -7.47011e-2 -7.47011e-2
8.18182e-1 8.78788e-1 -6.92331e-2 -6.92331e-2
8.18182e-1 9.09091e-1 -5.99939e-2 -5.99939e-2
8.18182e-1 9.39394e-1 -4.61419e-2 -4.61419e-2
8.18182e-1 9.69697e-1 -2.66275e-2 -2.66275e-2

8.48485e-1 3.0303e-2 -5.44668e-6 -5.44668e-6
8.48485e-1 6.06061e-2 -8.75667e-5 -8.75667e-5
8.48485e-1 9.09091e-2 -2.73452e-4 -2.73452e-4
8.48485e-1 1.21212e-1 -5.78731e-4 -5.78731e-4
8.48485e-1 1.51515e-1 -1.01415e-3 -1.01415e-3
8.48485e-1 1.81818e-1 -1.59002e-3 -1.59002e-3
8.48485e-1 2.12121e-1 -2.31916e-3 -2.31916e-3
8.48485e-1 2.42424e-1 -3.21867e-3 -3.21867e-3
8.48485e-1 2.72727e-1 -4.31089e-3 -4.31089e-3
8.48485e-1 3.0303e-1 -5.62367e-3 -5.62367e-3
8.48485e-1 3.33333e-1 -7.18997e-3 -7.18997e-3
8.48485e-1 3.63636e-1 -9.04687e-3 -9.04687e-3
8.48485e-1 3.93939e-1 -1.12338e-2 -1.12338e-2
8.48485e-1 4.24242e-1 -1.37901e-2 -1.37901e-2
8.48485e-1 4.54545e-1 -1.67512e-2 -1.67512e-2
8.48485e-1 4.84848e-1 -2.01443e-2 -2.01443e-2
8.48485e-1 5.15152e-1 -2.39825e-2 -2.39825e-2
8.48485e-1 5.45455e-1 -2.82579e-2 -2.82579e-2
8.48485e-1 5.75758e-1 -3.2935e-2 -3.2935e-2
8.48485e-1 6.06061e-1 -3.7943e-2 -3.7943e-2
8.48485e-1 6.36364e-1 -4.31695e-2 -4.31695e-2
8.48485e-1 6.66667e-1 -4.84556e-2 -4.84556e-2
8.48485e-1 6.9697e-1 -5.35925e-2 -5.35925e-2
8.48485e-1 7.27273e-1 -5.83186e-2 -5.83186e-2
8.48485e-1 7.57576e-1 -6.23168e-2 -6.23168e-2
8.48485e-1 7.87879e-1 -6.52087e-2 -6.52087e-2
8.48485e-1 8.18182e-1 -6.65428e-2 -6.65428e-2
8.48485e-1 8.48485e-1 -6.57751e-2 -6.57751e-2
8.48485e-1 8.78788e-1 -6.22397e-2 -6.22397e-2
8.48485e-1 9.09091e-1 -5.51101e-2 -5.51101e-2
8.48485e-1 9.39394e-1 -4.33478e-2 -4.33478e-2
8.48485e-1 9.69697e-1 -2.561e-2 -2.561e-2

8.78788e-1 3.0303e-2 1.20604e-5 1.20604e-5
8.78788e-1 6.06061e-2 -1.69185e-5 -1.69185e-5
8.78788e-1 9.09091e-2 -1.12691e-4 -1.12691e-4
8.78788e-1 1.21212e-1 -2.88956e-4 -2.88956e-4
8.78788e-1 1.51515e-1 -5.53838e-4 -5.53838e-4
8.78788e-1 1.81818e-1 -9.14147e-4 -9.14147e-4
8.78788e-1 2.12121e-1 -1.37812e-3 -1.37812e-3
8.78788e-1 2.42424e-1 -1.95708e-3 -1.95708e-3
8.78788e-1 2.72727e-1 -2.66642e-3 -2.66642e-3
8.78788e-1 3.0303e-1 -3.52598e-3 -3.52598e-3
8.78788e-1 3.33333e-1 -4.56003e-3 -4.56003e-3
8.78788e-1 3.63636e-1 -5.79692e-3 -5.79692e-3
8.78788e-1 3.93939e-1 -7.26822e-3 -7.26822e-3
8.78788e-1 4.24242e-1 -9.00739e-3 -9.00739e-3
8.78788e-1 4.54545e-1 -1.10479e-2 -1.10479e-2
8.78788e-1 4.84848e-1 -1.34205e-2 -1.34205e-2
8.78788e-1 5.15152e-1 -1.61499e-2 -1.61499e-2
8.78788e-1 5.45455e-1 -1.925e-2 -1.925e-2
8.78788e-1 5.75758e-1 -2.2719e-2 -2.2719e-2
8.78788e-1 6.06061e-1 -2.65335e-2 -2.65335e-2
8.78788e-1 6.36364e-1 -3.06421e-2 -3.06421e-2
8.78788e-1 6.66667e-1 -3.49595e-2 -3.49595e-2
8.78788e-1 6.9697e-1 -3.93598e-2 -3.93598e-2
8.78788e-1 7.27273e-1 -4.36703e-2 -4.36703e-2
8.78788e-1 7.57576e-1 -4.76626e-2 -4.76626e-2
8.78788e-1 7.87879e-1 -5.10399e-2 -5.10399e-2
8.78788e-1 8.18182e-1 -5.34153e-2 -5.34153e-2
8.78788e-1 8.48485e-1 -5.42762e-2 -5.42762e-2
8.78788e-1 8.78788e-1 -5.29299e-2 -5.29299e-2
8.78788e-1 9.09091e-1 -4.84244e-2 -4.84244e-2
8.78788e-1 9.39394e-1 -3.94448e-2 -3.94448e-2
8.78788e-1 9.69697e-1 -2.41732e-2 -2.41732e-2

9.09091e-1 3.0303e-2 1.92274e-5 1.92274e-5
9.09091e-1 6.06061e-2 2.14582e-5 2.14582e-5
9.09091e-1 9.09091e-2 -1.4251e-5 -1.4251e-5
9.09091e-1 1.21212e-1 -9.81226e-5 -9.81226e-5
9.09091e-1 1.51515e-1 -2.35272e-4 -2.35272e-4
9.09091e-1 1.81818e-1 -4.29287e-4 -4.29287e-4
9.09091e-1 2.12121e-1 -6.84434e-4 -6.84434e-4
9.09091e-1 2.42424e-1 -1.00697e-3 -1.00697e-3
9.09091e-1 2.72727e-1 -1.40589e-3 -1.40589e-3
9.09091e-1 3.0303e-1 -1.89327e-3 -1.89327e-3
9.09091e-1 3.33333e-1 -2.48443e-3 -2.48443e-3
9.09091e-1 3.63636e-1 -3.19781e-3 -3.19781e-3
9.09091e-1 3.93939e-1 -4.05473e-3 -4.05473e-3
9.09091e-1 4.24242e-1 -5.07888e-3 -5.07888e-3
9.09091e-1 4.54545e-1 -6.29555e-3 -6.29555e-3
9.09091e-1 4.84848e-1 -7.73045e-3 -7.73045e-3
9.09091e-1 5.15152e-1 -9.40816e-3 -9.40816e-3
9.09091e-1 5.45455e-1 -1.13499e-2 -1.13499e-2
9.09091e-1 5.75758e-1 -1.35708e-2 -1.35708e-2
9.09091e-1 6.06061e-1 -1.60766e-2 -1.60766e-2
9.09091e-1 6.36364e-1 -1.88597e-2 -1.88597e-2
9.09091e-1 6.66667e-1 -2.18951e-2 -2.18951e-2
9.09091e-1 6.9697e-1 -2.51349e-2 -2.51349e-2
9.09091e-1 7.27273e-1 -2.85028e-2 -2.85028e-2
9.09091e-1 7.57576e-1 -3.18845e-2 -3.18845e-2
9.09091e-1 7.87879e-1 -3.51142e-2 -3.51142e-2
9.09091e-1 8.18182e-1 -3.79473e-2 -3.79473e-2
9.09091e-1 8.48485e-1 -4.00133e-2 -4.00133e-2
9.09091e-1 8.78788e-1 -4.07281e-2 -4.07281e-2
9.09091e-1 9.09091e-1 -3.91454e-2 -3.91454e-2
9.09091e-1 9.39394e-1 -3.37185e-2 -3.37185e-2
9.09091e-1 9.69697e-1 -2.19631e-2 -2.19631e-2

9.39394e-1 3.0303e-2 1.69181e-5 1.69181e-5
9.39394e-1 6.06061e-2 3.00762e-5 3.00762e-5
9.39394e-1 9.09091e-2 2.58655e-5 2.58655e-5
9.39394e-1 1.21212e-1 -1.68318e-6 -1.68318e-6
9.39394e-1 1.51515e-1 -5.491e-5 -5.491e-5
9.39394e-1 1.81818e-1 -1.34996e-4 -1.34996e-4
9.39394e-1 2.12121e-1 -2.43388e-4 -2.43388e-4
9.39394e-1 2.42424e-1 -3.82597e-4 -3.82597e-4
9.39394e-1 2.72727e-1 -5.56611e-4 -5.56611e-4
9.39394e-1 3.0303e-1 -7.71122e-4 -7.71122e-4
9.39394e-1 3.33333e-1 -1.03362e-3 -1.03362e-3
9.39394e-1 3.63636e-1 -1.35341e-3 -1.35341e-3
9.39394e-1 3.93939e-1 -1.74161e-3 -1.74161e-3
9.39394e-1 4.24242e-1 -2.21102e-3 -2.21102e-3
9.39394e-1 4.54545e-1 -2.77598e-3 -2.77598e-3
9.39394e-1 4.84848e-1 -3.45206e-3 -3.45206e-3
9.39394e-1 5.15152e-1 -4.25562e-3 -4.25562e-3
9.39394e-1 5.45455e-1 -5.20314e-3 -5.20314e-3
9.39394e-1 5.75758e-1 -6.31036e-3 -6.31036e-3
9.39394e-1 6.06061e-1 -7.59116e-3 -7.59116e-3
9.39394e-1 6.36364e-1 -9.05628e-3 -9.05628e-3
9.39394e-1 6.66667e-1 -1.07119e-2 -1.07119e-2
9.39394e-1 6.9697e-1 -1.25579e-2 -1.25579e-2
9.39394e-1 7.27273e-1 -1.45863e-2 -1.45863e-2
9.39394e-1 7.57576e-1 -1.67776e-2 -1.67776e-2
9.39394e-1 7.87879e-1 -1.90946e-2 -1.90946e-2
9.39394e-1 8.18182e-1 -2.14669e-2 -2.14669e-2
9.39394e-1 8.48485e-1 -2.37535e-2 -2.37535e-2
9.39394e-1 8.78788e-1 -2.56582e-2 -2.56582e-2
9.39394e-1 9.09091e-1 -2.65397e-2 -2.65397e-2
9.39394e-1 9.39394e-1 -2.50118e-2 -2.50118e-2
9.39394e-1 9.69697e-1 -1.81424e-2 -1.81424e-2

9.69697e-1 3.0303e-2 8.25173e-6 8.25173e-6
9.69697e-1 6.06061e-2 1.73327e-5 1.73327e-5
9.69697e-1 9.09091e-2 2.16107e-5 2.16107e-5
9.69697e-1 1.21212e-1 1.90224e-5 1.90224e-5
9.69697e-1 1.51515e-1 9.10855e-6 9.10855e-6
9.69697e-1 1.81818e-1 -8.11083e-6 -8.11083e-6
9.69697e-1 2.12121e-1 -3.27074e-5 -3.27074e-5
9.69697e-1 2.42424e-1 -6.51194e-5 -6.51194e-5
9.69697e-1 2.72727e-1 -1.06281e-4 -1.06281e-4
9.69697e-1 3.0303e-1 -1.57684e-4 -1.57684e-4
9.69697e-1 3.33333e-1 -2.21409e-4 -2.21409e-4
9.69697e-1 3.63636e-1 -3.00149e-4 -3.00149e-4
9.69697e-1 3.93939e-1 -3.9723e-4 -3.9723e-4
9.69697e-1 4.24242e-1 -5.1663e-4 -5.1663e-4
9.69697e-1 4.54545e-1 -6.62999e-4 -6.62999e-4
9.69697e-1 4.84848e-1 -8.41666e-4 -8.41666e-4
9.69697e-1 5.15152e-1 -1.05863e-3 -1.05863e-3
9.69697e-1 5.45455e-1 -1.32053e-3 -1.32053e-3
9.69697e-1 5.75758e-1 -1.63456e-3 -1.63456e-3
9.69697e-1 6.06061e-1 -2.00844e-3 -2.00844e-3
9.69697e-1 6.36364e-1 -2.45033e-3 -2.45033e-3
9.69697e-1 6.66667e-1 -2.96893e-3 -2.96893e-3
9.69697e-1 6.9697e-1 -3.57375e-3 -3.57375e-3
9.69697e-1 7.27273e-1 -4.27591e-3 -4.27591e-3
9.69697e-1 7.57576e-1 -5.08961e-3 -5.08961e-3
9.69697e-1 7.87879e-1 -6.03422e-3 -6.03422e-3
9.69697e-1 8.18182e-1 -7.13603e-3 -7.13603e-3
9.69697e-1 8.48485e-1 -8.42422e-3 -8.42422e-3
9.69697e-1 8.78788e-1 -9.90386e-3 -9.90386e-3
9.69697e-1 9.09091e-1 -1.14537e-2 -1.14537e-2
9.69697e-1 9.39394e-1 -1.24984e-2 -1.24984e-2
9.69697e-1 9.69697e-1 -1.09892e-2 -1.09892e-2
