3.0303e-2 3.0303e-2 9.69902e-6 9.69902e-6
3.0303e-2 6.06061e-2 1.62823e-5 1.62823e-5
3.0303e-2 9.09091e-2 8.42582e-6 8.42582e-6
3.0303e-2 1.21212e-1 -1.98855e-5 -1.98855e-5
3.0303e-2 1.51515e-1 -7.21425e-5 -7.21425e-5
3.0303e-2 1.81818e-1 -1.50212e-4 -1.50212e-4
3.0303e-2 2.12121e-1 -2.54389e-4 -2.54389e-4
3.0303e-2 2.42424e-1 -3.83189e-4 -3.83189e-4
3.0303e-2 2.72727e-1 -5.33169e-4 -5.33169e-4
3.0303e-2 3.0303e-1 -6.98929e-4 -6.98929e-4
3.0303e-2 3.33333e-1 -8.73333e-4 -8.73333e-4
3.0303e-2 3.63636e-1 -1.04798e-3 -1.04798e-3
3.0303e-2 3.93939e-1 -1.21385e-3 -1.21385e-3
3.0303e-2 4.24242e-1 -1.36213e-3 -1.36213e-3
3.0303e-2 4.54545e-1 -1.48498e-3 -1.48498e-3
3.0303e-2 4.84848e-1 -1.57626e-3 -1.57626e-3
3.0303e-2 5.15152e-1 -1.63209e-3 -1.63209e-3
3.0303e-2 5.45455e-1 -1.65112e-3 -1.65112e-3
3.0303e-2 5.75758e-1 -1.63461e-3 -1.63461e-3
3.0303e-2 6.06061e-1 -1.58624e-3 -1.58624e-3
3.0303e-2 6.36364e-1 -1.5117e-3 -1.5117e-3
3.0303e-2 6.66667e-1 -1.41833e-3 -1.41833e-3
3.0303e-2 6.9697e-1 -1.31463e-3 -1.31463e-3
3.0303e-2 7.27273e-1 -1.21018e-3 -1.21018e-3
3.0303e-2 7.57576e-1 -1.11602e-3 -1.11602e-3
3.0303e-2 7.87879e-1 -1.04633e-3 -1.04633e-3
3.0303e-2 8.18182e-1 -1.02301e-3 -1.02301e-3
3.0303e-2 8.48485e-1 -1.0861e-3 -1.0861e-3
3.0303e-2 8.78788e-1 -1.31548e-3 -1.31548e-3
3.0303e-2 9.09091e-1 -1.86553e-3 -1.86553e-3
3.0303e-2 9.39394e-1 -2.96978e-3 -2.96978e-3
3.0303e-2 9.69697e-1 -4.49648e-3 -4.49648e-3

6.06061e-2 3.0303e-2 1.65882e-5 1.65882e-5
6.06061e-2 6.06061e-2 1.4599e-5 1.4599e-5
6.06061e-2 9.09091e-2 -3.48625e-5 -3.48625e-5
6.06061e-2 1.21212e-1 -1.48954e-4 -1.48954e-4
6.06061e-2 1.51515e-1 -3.37813e-4 -3.37813e-4
6.06061e-2 1.81818e-1 -6.06296e-4 -6.06296e-4
6.06061e-2 2.12121e-1 -9.5426e-4 -9.5426e-4
6.06061e-2 2.42424e-1 -1.37636e-3 -1.37636e-3
6.06061e-2 2.72727e-1 -1.8619e-3 -1.8619e-3
6.06061e-2 3.0303e-1 -2.39504e-3 -2.39504e-3
6.06061e-2 3.33333e-1 -2.95552e-3 -2.95552e-3
6.06061e-2 3.63636e-1 -3.51979e-3 -3.51979e-3
6.06061e-2 3.93939e-1 -4.06259e-3 -4.06259e-3
6.06061e-2 4.24242e-1 -4.55886e-3 -4.55886e-3
6.06061e-2 4.54545e-1 -4.98558e-3 -4.98558e-3
6.06061e-2 4.84848e-1 -5.32359e-3 -5.32359e-3
6.06061e-2 5.15152e-1 -5.55902e-3 -5.55902e-3
6.06061e-2 5.45455e-1 -5.68434e-3 -5.68434e-3
6.06061e-2 5.75758e-1 -5.69887e-3 -5.69887e-3
6.06061e-2 6.06061e-1 -5.60887e-3 -5.60887e-3
6.06061e-2 6.36364e-1 -5.42711e-3 -5.42711e-3
6.06061e-2 6.66667e-1 -5.1723e-3 -5.1723e-3
6.06061e-2 6.9697e-1 -4.86837e-3 -4.86837e-3
6.06061e-2 7.27273e-1 -4.54411e-3 -4.54411e-3
6.06061e-2 7.57576e-1 -4.23384e-3 -4.23384e-3
6.06061e-2 7.87879e-1 -3.98038e-3 -3.98038e-3
6.06061e-2 8.18182e-1 -3.84256e-3 -3.84256e-3
6.06061e-2 8.48485e-1 -3.91059e-3 -3.91059e-3
6.06061e-2 8.78788e-1 -4.33171e-3 -4.33171e-3
6.06061e-2 9.09091e-1 -5.32996e-3 -5.32996e-3
6.06061e-2 9.39394e-1 -7.07962e-3 -7.07962e-3
6.06061e-2 9.69697e-1 -8.51247e-3 -8.51247e-3

9.09091e-2 3.0303e-2 1.30144e-5 1.30144e-5
9.09091e-2 6.06061e-2 -2.22784e-5 -2.22784e-5
9.09091e-2 9.09091e-2 -1.51563e-4 -1.51563e-4
9.09091e-2 1.21212e-1 -4.03645e-4 -4.03645e-4
9.09091e-2 1.51515e-1 -7.95574e-4 -7.95574e-4
9.09091e-2 1.81818e-1 -1.33474e-3 -1.33474e-3
9.09091e-2 2.12121e-1 -2.01939e-3 -2.01939e-3
9.09091e-2 2.42424e-1 -2.83864e-3 -2.83864e-3
9.09091e-2 2.72727e-1 -3.77256e-3 -3.77256e-3
9.09091e-2 3.0303e-1 -4.7928e-3 -4.7928e-3
9.09091e-2 3.33333e-1 -5.8638e-3 -5.8638e-3
9.09091e-2 3.63636e-1 -6.94473e-3 -6.94473e-3
9.09091e-2 3.93939e-1 -7.99196e-3 -7.99196e-3
9.09091e-2 4.24242e-1 -8.96194e-3 -8.96194e-3
9.09091e-2 4.54545e-1 -9.8141e-3 -9.8141e-3
9.09091e-2 4.84848e-1 -1.05136e-2 -1.05136e-2
9.09091e-2 5.15152e-1 -1.10336e-2 -1.10336e-2
9.09091e-2 5.45455e-1 -1.13571e-2 -1.13571e-2
9.09091e-2 5.75758e-1 -1.14779e-2 -1.14779e-2
9.09091e-2 6.06061e-1 -1.14011e-2 -1.14011e-2
9.09091e-2 6.36364e-1 -1.11435e-2 -1.11435e-2
9.09091e-2 6.66667e-1 -1.07325e-2 -1.07325e-2
9.09091e-2 6.9697e-1 -1.02063e-2 -1.02063e-2
9.09091e-2 7.27273e-1 -9.61327e-3 -9.61327e-3
9.09091e-2 7.57576e-1 -9.01232e-3 -9.01232e-3
9.09091e-2 7.87879e-1 -8.47584e-3 -8.47584e-3
9.09091e-2 8.18182e-1 -8.09604e-3 -8.09604e-3
9.09091e-2 8.48485e-1 -7.99738e-3 -7.99738e-3
9.09091e-2 8.78788e-1 -8.35378e-3 -8.35378e-3
9.09091e-2 9.09091e-1 -9.38262e-3 -9.38262e-3
9.09091e-2 9.39394e-1 -1.10926e-2 -1.10926e-2
9.09091e-2 9.69697e-1 -1.15437e-2 -1.15437e-2

1.21212e-1 3.0303e-2 -1.85131e-6 -1.85131e-6
1.21212e-1 6.06061e-2 -9.64038e-5 -9.64038e-5
1.21212e-1 9.09091e-2 -3.42534e-4 -3.42534e-4
1.21212e-1 1.21212e-1 -7.78802e-4 -7.78802e-4
1.21212e-1 1.51515e-1 -1.42786e-3 -1.42786e-3
1.21212e-1 1.81818e-1 -2.2984e-3 -2.2984e-3
1.21212e-1 2.12121e-1 -3.38585e-3 -3.38585e-3
1.21212e-1 2.42424e-1 -4.67255e-3 -4.67255e-3
1.21212e-1 2.72727e-1 -6.12816e-3 -6.12816e-3
1.21212e-1 3.0303e-1 -7.71071e-3 -7.71071e-3
1.21212e-1 3.33333e-1 -9.36839e-3 -9.36839e-3
1.21212e-1 3.63636e-1 -1.10422e-2 -1.10422e-2
1.21212e-1 3.93939e-1 -1.26696e-2 -1.26696e-2
1.21212e-1 4.24242e-1 -1.41879e-2 -1.41879e-2
1.21212e-1 4.54545e-1 -1.55387e-2 -1.55387e-2
1.21212e-1 4.84848e-1 -1.66713e-2 -1.66713e-2
1.21212e-1 5.15152e-1 -1.75454e-2 -1.75454e-2
1.21212e-1 5.45455e-1 -1.81337e-2 -1.81337e-2
1.21212e-1 5.75758e-1 -1.84229e-2 -1.84229e-2
1.21212e-1 6.06061e-1 -1.8415e-2 -1.8415e-2
1.21212e-1 6.36364e-1 -1.8127e-2 -1.8127e-2
1.21212e-1 6.66667e-1 -1.75913e-2 -1.75913e-2
1.21212e-1 6.9697e-1 -1.68554e-2 -1.68554e-2
1.21212e-1 7.27273e-1 -1.59819e-2 -1.59819e-2
1.21212e-1 7.57576e-1 -1.50488e-2 -1.50488e-2
1.21212e-1 7.87879e-1 -1.41507e-2 -1.41507e-2
1.21212e-1 8.18182e-1 -1.3403e-2 -1.3403e-2
1.21212e-1 8.48485e-1 -1.29474e-2 -1.29474e-2
1.21212e-1 8.78788e-1 -1.29598e-2 -1.29598e-2
1.21212e-1 9.09091e-1 -1.36244e-2 -1.36244e-2
1.21212e-1 9.39394e-1 -1.47819e-2 -1.47819e-2
1.21212e-1 9.69697e-1 -1.38739e-2 -1.38739e-2

1.51515e-1 3.0303e-2 -2.67228e-5 -2.67228e-5
1.51515e-1 6.06061e-2 -2.04658e-4 -2.04658e-4
1.51515e-1 9.09091e-2 -6.01773e-4 -6.01773e-4
1.51515e-1 1.21212e-1 -1.26357e-3 -1.26357e-3
1.51515e-1 1.51515e-1 -2.21629e-3 -2.21629e-3
1.51515e-1 1.81818e-1 -3.46844e-3 -3.46844e-3
1.51515e-1 2.12121e-1 -5.01139e-3 -5.01139e-3
1.51515e-1 2.42424e-1 -6.81968e-3 -6.81968e-3
1.51515e-1 2.72727e-1 -8.85159e-3 -8.85159e-3
1.51515e-1 3.0303e-1 -1.10506e-2 -1.10506e-2
1.51515e-1 3.33333e-1 -1.33475e-2 -1.33475e-2
1.51515e-1 3.63636e-1 -1.56643e-2 -1.56643e-2
1.51515e-1 3.93939e-1 -1.79186e-2 -1.79186e-2
1.51515e-1 4.24242e-1 -2.00285e-2 -2.00285e-2
1.51515e-1 4.54545e-1 -2.19178e-2 -2.19178e-2
1.51515e-1 4.84848e-1 -2.35202e-2 -2.35202e-2
1.51515e-1 5.15152e-1 -2.47831e-2 -2.47831e-2
1.51515e-1 5.45455e-1 -2.56698e-2 -2.56698e-2
1.51515e-1 5.75758e-1 -2.61604e-2 -2.61604e-2
1.51515e-1 6.06061e-1 -2.62532e-2 -2.62532e-2
1.51515e-1 6.36364e-1 -2.59643e-2 -2.59643e-2
1.51515e-1 6.66667e-1 -2.53282e-2 -2.53282e-2
1.51515e-1 6.9697e-1 -2.43971e-2 -2.43971e-2
1.51515e-1 7.27273e-1 -2.32417e-2 -2.32417e-2
1.51515e-1 7.57576e-1 -2.19506e-2 -2.19506e-2
1.51515e-1 7.87879e-1 -2.06317e-2 -2.06317e-2
1.51515e-1 8.18182e-1 -1.94119e-2 -1.94119e-2
1.51515e-1 8.48485e-1 -1.84391e-2 -1.84391e-2
1.51515e-1 8.78788e-1 -1.78808e-2 -1.78808e-2
1.51515e-1 9.09091e-1 -1.78869e-2 -1.78869e-2
1.51515e-1 9.39394e-1 -1.81588e-2 -1.81588e-2
1.51515e-1 9.69697e-1 -1.57461e-2 -1.57461e-2

1.81818e-1 3.0303e-2 -6.0271e-5 -6.0271e-5
1.81818e-1 6.06061e-2 -3.4339e-4 -3.4339e-4
1.81818e-1 9.09091e-2 -9.22586e-4 -9.22586e-4
1.81818e-1 1.21212e-1 -1.84729e-3 -1.84729e-3
1.81818e-1 1.51515e-1 -3.1451e-3 -3.1451e-3
1.81818e-1 1.81818e-1 -4.82273e-3 -4.82273e-3
1.81818e-1 2.12121e-1 -6.86634e-3 -6.86634e-3
1.81818e-1 2.42424e-1 -9.24171e-3 -9.24171e-3
1.81818e-1 2.72727e-1 -1.18948e-2 -1.18948e-2
1.81818e-1 3.0303e-1 -1.47533e-2 -1.47533e-2
1.81818e-1 3.33333e-1 -1.77296e-2 -1.77296e-2
1.81818e-1 3.63636e-1 -2.0725e-2 -2.0725e-2
1.81818e-1 3.93939e-1 -2.36363e-2 -2.36363e-2
1.81818e-1 4.24242e-1 -2.63616e-2 -2.63616e-2
1.81818e-1 4.54545e-1 -2.88069e-2 -2.88069e-2
1.81818e-1 4.84848e-1 -3.08915e-2 -3.08915e-2
1.81818e-1 5.15152e-1 -3.25516e-2 -3.25516e-2
1.81818e-1 5.45455e-1 -3.37426e-2 -3.37426e-2
1.81818e-1 5.75758e-1 -3.44398e-2 -3.44398e-2
1.81818e-1 6.06061e-1 -3.46387e-2 -3.46387e-2
1.81818e-1 6.36364e-1 -3.43549e-2 -3.43549e-2
1.81818e-1 6.66667e-1 -3.36234e-2 -3.36234e-2
1.81818e-1 6.9697e-1 -3.24984e-2 -3.24984e-2
1.81818e-1 7.27273e-1 -3.10538e-2 -3.10538e-2
1.81818e-1 7.57576e-1 -2.93826e-2 -2.93826e-2
1.81818e-1 7.87879e-1 -2.75969e-2 -2.75969e-2
1.81818e-1 8.18182e-1 -2.58273e-2 -2.58273e-2
1.81818e-1 8.48485e-1 -2.42198e-2 -2.42198e-2
1.81818e-1 8.78788e-1 -2.2932e-2 -2.2932e-2
1.81818e-1 9.09091e-1 -2.20855e-2 -2.20855e-2
1.81818e-1 9.39394e-1 -2.1273e-2 -2.1273e-2
1.81818e-1 9.69697e-1 -1.73138e-2 -1.73138e-2

2.12121e-1 3.0303e-2 -1.01643e-4 -1.01643e-4
2.12121e-1 6.06061e-2 -5.09605e-4 -5.09605e-4
2.12121e-1 9.09091e-2 -1.29875e-3 -1.29875e-3
2.12121e-1 1.21212e-1 -2.5194e-3 -2.5194e-3
2.12121e-1 1.51515e-1 -4.19828e-3 -4.19828e-3
2.12121e-1 1.81818e-1 -6.33877e-3 -6.33877e-3
2.12121e-1 2.12121e-1 -8.92085e-3 -8.92085e-3
2.12121e-1 2.42424e-1 -1.19007e-2 -1.19007e-2
2.12121e-1 2.72727e-1 -1.52112e-2 -1.52112e-2
2.12121e-1 3.0303e-1 -1.87629e-2 -1.87629e-2
2.12121e-1 3.33333e-1 -2.24479e-2 -2.24479e-2
2.12121e-1 3.63636e-1 -2.61457e-2 -2.61457e-2
2.12121e-1 3.93939e-1 -2.97305e-2 -2.97305e-2
2.12121e-1 4.24242e-1 -3.30798e-2 -3.30798e-2
2.12121e-1 4.54545e-1 -3.60824e-2 -3.60824e-2
2.12121e-1 4.84848e-1 -3.8644e-2 -3.8644e-2
2.12121e-1 5.15152e-1 -4.06915e-2 -4.06915e-2
2.12121e-1 5.45455e-1 -4.21742e-2 -4.21742e-2
2.12121e-1 5.75758e-1 -4.30645e-2 -4.30645e-2
2.12121e-1 6.06061e-1 -4.33568e-2 -4.33568e-2
2.12121e-1 6.36364e-1 -4.30664e-2 -4.30664e-2
2.12121e-1 6.66667e-1 -4.22286e-2 -4.22286e-2
2.12121e-1 6.9697e-1 -4.08986e-2 -4.08986e-2
2.12121e-1 7.27273e-1 -3.91502e-2 -3.91502e-2
2.12121e-1 7.57576e-1 -3.70766e-2 -3.70766e-2
2.12121e-1 7.87879e-1 -3.4789e-2 -3.4789e-2
2.12121e-1 8.18182e-1 -3.24155e-2 -3.24155e-2
2.12121e-1 8.48485e-1 -3.00971e-2 -3.00971e-2
2.12121e-1 8.78788e-1 -2.79817e-2 -2.79817e-2
2.12121e-1 9.09091e-1 -2.61688e-2 -2.61688e-2
2.12121e-1 9.39394e-1 -2.41659e-2 -2.41659e-2
2.12121e-1 9.69697e-1 -1.86696e-2 -1.86696e-2

2.42424e-1 3.0303e-2 -1.50264e-4 -1.50264e-4
2.42424e-1 6.06061e-2 -7.00411e-4 -7.00411e-4
2.42424e-1 9.09091e-2 -1.72316e-3 -1.72316e-3
2.42424e-1 1.21212e-1 -3.26674e-3 -3.26674e-3
2.42424e-1 1.51515e-1 -5.35487e-3 -5.35487e-3
2.42424e-1 1.81818e-1 -7.98646e-3 -7.98646e-3
2.42424e-1 2.12121e-1 -1.11347e-2 -1.11347e-2
2.42424e-1 2.42424e-1 -1.47458e-2 -1.47458e-2
2.42424e-1 2.72727e-1 -1.87385e-2 -1.87385e-2
2.42424e-1 3.0303e-1 -2.30052e-2 -2.30052e-2
2.42424e-1 3.33333e-1 -2.7416e-2 -2.7416e-2
2.42424e-1 3.63636e-1 -3.18264e-2 -3.18264e-2
2.42424e-1 3.93939e-1 -3.60868e-2 -3.60868e-2
2.42424e-1 4.24242e-1 -4.00541e-2 -4.00541e-2
2.42424e-1 4.54545e-1 -4.36002e-2 -4.36002e-2
2.42424e-1 4.84848e-1 -4.66193e-2 -4.66193e-2
2.42424e-1 5.15152e-1 -4.9031e-2 -4.9031e-2
2.42424e-1 5.45455e-1 -5.07814e-2 -5.07814e-2
2.42424e-1 5.75758e-1 -5.18415e-2 -5.18415e-2
2.42424e-1 6.06061e-1 -5.22058e-2 -5.22058e-2
2.42424e-1 6.36364e-1 -5.189e-2 -5.189e-2
2.42424e-1 6.66667e-1 -5.09298e-2 -5.09298e-2
2.42424e-1 6.9697e-1 -4.93795e-2 -4.93795e-2
2.42424e-1 7.27273e-1 -4.73121e-2 -4.73121e-2
2.42424e-1 7.57576e-1 -4.48181e-2 -4.48181e-2
2.42424e-1 7.87879e-1 -4.20051e-2 -4.20051e-2
2.42424e-1 8.18182e-1 -3.8996e-2 -3.8996e-2
2.42424e-1 8.48485e-1 -3.59254e-2 -3.59254e-2
2.42424e-1 8.78788e-1 -3.29334e-2 -3.29334e-2
2.42424e-1 9.09091e-1 -3.01004e-2 -3.01004e-2
2.42424e-1 9.39394e-1 -2.68641e-2 -2.68641e-2
2.42424e-1 9.69697e-1 -1.98688e-2 -1.98688e-2

2.72727e-1 3.0303e-2 -2.05414e-4 -2.05414e-4
2.72727e-1 6.06061e-2 -9.11864e-4 -9.11864e-4
2.72727e-1 9.09091e-2 -2.18583e-3 -2.18583e-3
2.72727e-1 1.21212e-1 -4.07051e-3 -4.07051e-3
2.72727e-1 1.51515e-1 -6.58503e-3 -6.58503e-3
2.72727e-1 1.81818e-1 -9.72326e-3 -9.72326e-3
2.72727e-1 2.12121e-1 -1.34517e-2 -1.34517e-2
2.72727e-1 2.42424e-1 -1.77068e-2 -1.77068e-2
2.72727e-1 2.72727e-1 -2.23926e-2 -2.23926e-2
2.72727e-1 3.0303e-1 -2.73818e-2 -2.73818e-2
2.72727e-1 3.33333e-1 -3.25203e-2 -3.25203e-2
2.72727e-1 3.63636e-1 -3.76376e-2 -3.76376e-2
2.72727e-1 3.93939e-1 -4.25597e-2 -4.25597e-2
2.72727e-1 4.24242e-1 -4.71228e-2 -4.71228e-2
2.72727e-1 4.54545e-1 -5.11839e-2 -5.11839e-2
2.72727e-1 4.84848e-1 -5.46282e-2 -5.46282e-2
2.72727e-1 5.15152e-1 -5.73713e-2 -5.73713e-2
2.72727e-1 5.45455e-1 -5.93584e-2 -5.93584e-2
2.72727e-1 5.75758e-1 -6.05613e-2 -6.05613e-2
2.72727e-1 6.06061e-1 -6.09755e-2 -6.09755e-2
2.72727e-1 6.36364e-1 -6.06174e-2 -6.06174e-2
2.72727e-1 6.66667e-1 -5.9522e-2 -5.9522e-2
2.72727e-1 6.9697e-1 -5.77423e-2 -5.77423e-2
2.72727e-1 7.27273e-1 -5.53483e-2 -5.53483e-2
2.72727e-1 7.57576e-1 -5.24269e-2 -5.24269e-2
2.72727e-1 7.87879e-1 -4.90806e-2 -4.90806e-2
2.72727e-1 8.18182e-1 -4.54266e-2 -4.54266e-2
2.72727e-1 8.48485e-1 -4.15931e-2 -4.15931e-2
2.72727e-1 8.78788e-1 -3.77138e-2 -3.77138e-2
2.72727e-1 9.09091e-1 -3.38513e-2 -3.38513e-2
2.72727e-1 9.39394e-1 -2.9382e-2 -2.9382e-2
2.72727e-1 9.69697e-1 -2.09436e-2 -2.09436e-2

3.0303e-1 3.0303e-2 -2.65822e-4 -2.65822e-4
3.0303e-1 6.06061e-2 -1.13791e-3 -1.13791e-3
3.0303e-1 9.09091e-2 -2.67218e-3 -2.67218e-3
3.0303e-1 1.21212e-1 -4.90432e-3 -4.90432e-3
3.0303e-1 1.51515e-1 -7.84804e-3 -7.84804e-3
3.0303e-1 1.81818e-1 -1.14927e-2 -1.14927e-2
3.0303e-1 2.12121e-1 -1.57993e-2 -1.57993e-2
3.0303e-1 2.42424e-1 -2.06949e-2 -2.06949e-2
3.0303e-1 2.72727e-1 -2.60685e-2 -2.60685e-2
3.0303e-1 3.0303e-1 -3.1771e-2 -3.1771e-2
3.0303e-1 3.33333e-1 -3.76224e-2 -3.76224e-2
3.0303e-1 3.63636e-1 -4.34242e-2 -4.34242e-2
3.0303e-1 3.93939e-1 -4.89771e-2 -4.89771e-2
3.0303e-1 4.24242e-1 -5.4098e-2 -5.4098e-2
3.0303e-1 4.54545e-1 -5.86317e-2 -5.86317e-2
3.0303e-1 4.84848e-1 -6.24581e-2 -6.24581e-2
3.0303e-1 5.15152e-1 -6.54924e-2 -6.54924e-2
3.0303e-1 5.45455e-1 -6.76818e-2 -6.76818e-2
3.0303e-1 5.75758e-1 -6.9001e-2 -6.9001e-2
3.0303e-1 6.06061e-1 -6.94474e-2 -6.94474e-2
3.0303e-1 6.36364e-1 -6.90372e-2 -6.90372e-2
3.0303e-1 6.66667e-1 -6.7804e-2 -6.7804e-2
3.0303e-1 6.9697e-1 -6.57977e-2 -6.57977e-2
3.0303e-1 7.27273e-1 -6.30839e-2 -6.30839e-2
3.0303e-1 7.57576e-1 -5.97444e-2 -5.97444e-2
3.0303e-1 7.87879e-1 -5.58762e-2 -5.58762e-2
3.0303e-1 8.18182e-1 -5.15907e-2 -5.15907e-2
3.0303e-1 8.48485e-1 -4.70107e-2 -4.70107e-2
3.0303e-1 8.78788e-1 -4.22648e-2 -4.22648e-2
3.0303e-1 9.09091e-1 -3.73965e-2 -3.73965e-2
3.0303e-1 9.39394e-1 -3.17252e-2 -3.17252e-2
3.0303e-1 9.69697e-1 -2.19131e-2 -2.19131e-2

3.33333e-1 3.0303e-2 -3.29383e-4 -3.29383e-4
3.33333e-1 6.06061e-2 -1.36971e-3 -1.36971e-3
3.33333e-1 9.09091e-2 -3.16229e-3 -3.16229e-3
3.33333e-1 1.21212e-1 -5.73365e-3 -5.73365e-3
3.33333e-1 1.51515e-1 -9.0926e-3 -9.0926e-3
3.33333e-1 1.81818e-1 -1.32259e-2 -1.32259e-2
3.33333e-1 2.12121e-1 -1.80908e-2 -1.80908e-2
3.33333e-1 2.42424e-1 -2.3606e-2 -2.3606e-2
3.33333e-1 2.72727e-1 -2.96448e-2 -2.96448e-2
3.33333e-1 3.0303e-1 -3.60347e-2 -3.60347e-2
3.33333e-1 3.33333e-1 -4.2567e-2 -4.2567e-2
3.33333e-1 3.63636e-1 -4.90138e-2 -4.90138e-2
3.33333e-1 3.93939e-1 -5.5151e-2 -5.5151e-2
3.33333e-1 4.24242e-1 -6.07779e-2 -6.07779e-2
3.33333e-1 4.54545e-1 -6.57309e-2 -6.57309e-2
3.33333e-1 4.84848e-1 -6.98887e-2 -6.98887e-2
3.33333e-1 5.15152e-1 -7.31701e-2 -7.31701e-2
3.33333e-1 5.45455e-1 -7.55277e-2 -7.55277e-2
3.33333e-1 5.75758e-1 -7.69405e-2 -7.69405e-2
3.33333e-1 6.06061e-1 -7.7408e-2 -7.7408e-2
3.33333e-1 6.36364e-1 -7.6946e-2 -7.6946e-2
3.33333e-1 6.66667e-1 -7.55849e-2 -7.55849e-2
3.33333e-1 6.9697e-1 -7.33695e-2 -7.33695e-2
3.33333e-1 7.27273e-1 -7.03594e-2 -7.03594e-2
3.33333e-1 7.57576e-1 -6.66298e-2 -6.66298e-2
3.33333e-1 7.87879e-1 -6.22717e-2 -6.22717e-2
3.33333e-1 8.18182e-1 -5.73905e-2 -5.73905e-2
3.33333e-1 8.48485e-1 -5.21051e-2 -5.21051e-2
3.33333e-1 8.78788e-1 -4.65388e-2 -4.65388e-2
3.33333e-1 9.09091e-1 -4.07138e-2 -4.07138e-2
3.33333e-1 9.39394e-1 -3.38943e-2 -3.38943e-2
3.33333e-1 9.69697e-1 -2.27878e-2 -2.27878e-2

3.63636e-1 3.0303e-2 -3.9302e-4 -3.9302e-4
3.63636e-1 6.06061e-2 -1.59551e-3 -1.59551e-3
3.63636e-1 9.09091e-2 -3.63109e-3 -3.63109e-3
3.63636e-1 1.21212e-1 -6.51697e-3 -6.51697e-3
3.63636e-1 1.51515e-1 -1.02591e-2 -1.02591e-2
3.63636e-1 1.81818e-1 -1.48448e-2 -1.48448e-2
3.63636e-1 2.12121e-1 -2.023e-2 -2.023e-2
3.63636e-1 2.42424e-1 -2.63264e-2 -2.63264e-2
3.63636e-1 2.72727e-1 -3.29908e-2 -3.29908e-2
3.63636e-1 3.0303e-1 -4.00254e-2 -4.00254e-2
3.63636e-1 3.33333e-1 -4.71905e-2 -4.71905e-2
3.63636e-1 3.63636e-1 -5.42284e-2 -5.42284e-2
3.63636e-1 3.93939e-1 -6.08906e-2 -6.08906e-2
3.63636e-1 4.24242e-1 -6.6962e-2 -6.6962e-2
3.63636e-1 4.54545e-1 -7.22746e-2 -7.22746e-2
3.63636e-1 4.84848e-1 -7.67104e-2 -7.67104e-2
3.63636e-1 5.15152e-1 -8.01956e-2 -8.01956e-2
3.63636e-1 5.45455e-1 -8.26906e-2 -8.26906e-2
3.63636e-1 5.75758e-1 -8.41802e-2 -8.41802e-2
3.63636e-1 6.06061e-1 -8.46661e-2 -8.46661e-2
3.63636e-1 6.36364e-1 -8.41626e-2 -8.41626e-2
3.63636e-1 6.66667e-1 -8.26955e-2 -8.26955e-2
3.63636e-1 6.9697e-1 -8.03025e-2 -8.03025e-2
3.63636e-1 7.27273e-1 -7.70355e-2 -7.70355e-2
3.63636e-1 7.57576e-1 -7.29617e-2 -7.29617e-2
3.63636e-1 7.87879e-1 -6.81647e-2 -6.81647e-2
3.63636e-1 8.18182e-1 -6.27445e-2 -6.27445e-2
3.63636e-1 8.48485e-1 -5.68157e-2 -5.68157e-2
3.63636e-1 8.78788e-1 -5.04966e-2 -5.04966e-2
3.63636e-1 9.09091e-1 -4.37836e-2 -4.37836e-2
3.63636e-1 9.39394e-1 -3.58866e-2 -3.58866e-2
3.63636e-1 9.69697e-1 -2.35736e-2 -2.35736e-2

3.93939e-1 3.0303e-2 -4.52706e-4 -4.52706e-4
3.93939e-1 6.06061e-2 -1.801e-3 -1.801e-3
3.93939e-1 9.09091e-2 -4.04962e-3 -4.04962e-3
3.93939e-1 1.21212e-1 -7.20819e-3 -7.20819e-3
3.93939e-1 1.51515e-1 -1.12835e-2 -1.12835e-2
3.93939e-1 1.81818e-1 -1.62672e-2 -1.62672e-2
3.93939e-1 2.12121e-1 -2.21174e-2 -2.21174e-2
3.93939e-1 2.42424e-1 -2.87395e-2 -2.87395e-2
3.93939e-1 2.72727e-1 -3.59732e-2 -3.59732e-2
3.93939e-1 3.0303e-1 -4.35942e-2 -4.35942e-2
3.93939e-1 3.33333e-1 -5.13309e-2 -5.13309e-2
3.93939e-1 3.63636e-1 -5.8895e-2 -5.8895e-2
3.93939e-1 3.93939e-1 -6.60156e-2 -6.60156e-2
3.93939e-1 4.24242e-1 -7.24662e-2 -7.24662e-2
3.93939e-1 4.54545e-1 -7.80783e-2 -7.80783e-2
3.93939e-1 4.84848e-1 -8.27412e-2 -8.27412e-2
3.93939e-1 5.15152e-1 -8.63915e-2 -8.63915e-2
3.93939e-1 5.45455e-1 -8.89995e-2 -8.89995e-2
3.93939e-1 5.75758e-1 -9.05566e-2 -9.05566e-2
3.93939e-1 6.06061e-1 -9.10663e-2 -9.10663e-2
3.93939e-1 6.36364e-1 -9.05406e-2 -9.05406e-2
3.93939e-1 6.66667e-1 -8.89991e-2 -8.89991e-2
3.93939e-1 6.9697e-1 -8.64713e-2 -8.64713e-2
3.93939e-1 7.27273e-1 -8.29994e-2 -8.29994e-2
3.93939e-1 7.57576e-1 -7.86414e-2 -7.86414e-2
3.93939e-1 7.87879e-1 -7.34727e-2 -7.34727e-2
3.93939e-1 8.18182e-1 -6.75871e-2 -6.75871e-2
3.93939e-1 8.48485e-1 -6.1095e-2 -6.1095e-2
3.93939e-1 8.78788e-1 -5.41071e-2 -5.41071e-2
3.93939e-1 9.09091e-1 -4.65899e-2 -4.65899e-2
3.93939e-1 9.39394e-1 -3.76985e-2 -3.76985e-2
3.93939e-1 9.69697e-1 -2.42738e-2 -2.42738e-2

4.24242e-1 3.0303e-2 -5.03665e-4 -5.03665e-4
4.24242e-1 6.06061e-2 -1.9703e-3 -1.9703e-3
4.24242e-1 9.09091e-2 -4.38719e-3 -4.38719e-3
4.24242e-1 1.21212e-1 -7.76015e-3 -7.76015e-3
4.24242e-1 1.51515e-1 -1.21017e-2 -1.21017e-2
4.24242e-1 1.81818e-1 -1.74124e-2 -1.74124e-2
4.24242e-1 2.12121e-1 -2.36554e-2 -2.36554e-2
4.24242e-1 2.42424e-1 -3.07312e-2 -3.07312e-2
4.24242e-1 2.72727e-1 -3.8463e-2 -3.8463e-2
4.24242e-1 3.0303e-1 -4.65991e-2 -4.65991e-2
4.24242e-1 3.33333e-1 -5.48362e-2 -5.48362e-2
4.24242e-1 3.63636e-1 -6.28562e-2 -6.28562e-2
4.24242e-1 3.93939e-1 -7.03672e-2 -7.03672e-2
4.24242e-1 4.24242e-1 -7.71341e-2 -7.71341e-2
4.24242e-1 4.54545e-1 -8.2991e-2 -8.2991e-2
4.24242e-1 4.84848e-1 -8.78374e-2 -8.78374e-2
4.24242e-1 5.15152e-1 -9.16224e-2 -9.16224e-2
4.24242e-1 5.45455e-1 -9.43274e-2 -9.43274e-2
4.24242e-1 5.75758e-1 -9.59503e-2 -9.59503e-2
4.24242e-1 6.06061e-1 -9.64963e-2 -9.64963e-2
4.24242e-1 6.36364e-1 -9.59742e-2 -9.59742e-2
4.24242e-1 6.66667e-1 -9.43968e-2 -9.43968e-2
4.24242e-1 6.9697e-1 -9.17842e-2 -9.17842e-2
4.24242e-1 7.27273e-1 -8.81682e-2 -8.81682e-2
4.24242e-1 7.57576e-1 -8.35961e-2 -8.35961e-2
4.24242e-1 7.87879e-1 -7.81345e-2 -7.81345e-2
4.24242e-1 8.18182e-1 -7.187e-2 -7.187e-2
4.24242e-1 8.48485e-1 -6.49076e-2 -6.49076e-2
4.24242e-1 8.78788e-1 -5.73475e-2 -5.73475e-2
4.24242e-1 9.09091e-1 -4.91204e-2 -4.91204e-2
4.24242e-1 9.39394e-1 -3.93269e-2 -3.93269e-2
4.24242e-1 9.69697e-1 -2.48904e-2 -2.48904e-2

4.54545e-1 3.0303e-2 -5.40763e-4 -5.40763e-4
4.54545e-1 6.06061e-2 -2.08736e-3 -2.08736e-3
4.54545e-1 9.09091e-2 -4.61413e-3 -4.61413e-3
4.54545e-1 1.21212e-1 -8.12871e-3 -8.12871e-3
4.54545e-1 1.51515e-1 -1.26549e-2 -1.26549e-2
4.54545e-1 1.81818e-1 -1.82064e-2 -1.82064e-2
4.54545e-1 2.12121e-1 -2.47543e-2 -2.47543e-2
4.54545e-1 2.42424e-1 -3.21967e-2 -3.21967e-2
4.54545e-1 2.72727e-1 -4.03415e-2 -4.03415e-2
4.54545e-1 3.0303e-1 -4.89113e-2 -4.89113e-2
4.54545e-1 3.33333e-1 -5.7572e-2 -5.7572e-2
4.54545e-1 3.63636e-1 -6.5977e-2 -6.5977e-2
4.54545e-1 3.93939e-1 -7.3815e-2 -7.3815e-2
4.54545e-1 4.24242e-1 -8.08434e-2 -8.08434e-2
4.54545e-1 4.54545e-1 -8.69007e-2 -8.69007e-2
4.54545e-1 4.84848e-1 -9.18979e-2 -9.18979e-2
4.54545e-1 5.15152e-1 -9.57976e-2 -9.57976e-2
4.54545e-1 5.45455e-1 -9.85923e-2 -9.85923e-2
4.54545e-1 5.75758e-1 -1.00286e-1 -1.00286e-1
4.54545e-1 6.06061e-1 -1.00887e-1 -1.00887e-1
4.54545e-1 6.36364e-1 -1.00398e-1 -1.00398e-1
4.54545e-1 6.66667e-1 -9.88273e-2 -9.88273e-2
4.54545e-1 6.9697e-1 -9.61837e-2 -9.61837e-2
4.54545e-1 7.27273e-1 -9.24886e-2 -9.24886e-2
4.54545e-1 7.57576e-1 -8.77785e-2 -8.77785e-2
4.54545e-1 7.87879e-1 -8.21101e-2 -8.21101e-2
4.54545e-1 8.18182e-1 -7.55618e-2 -7.55618e-2
4.54545e-1 8.48485e-1 -6.82314e-2 -6.82314e-2
4.54545e-1 8.78788e-1 -6.02038e-2 -6.02038e-2
4.54545e-1 9.09091e-1 -5.13677e-2 -5.13677e-2
4.54545e-1 9.39394e-1 -4.07704e-2 -4.07704e-2
4.54545e-1 9.69697e-1 -2.54254e-2 -2.54254e-2

4.84848e-1 3.0303e-2 -5.59072e-4 -5.59072e-4
4.84848e-1 6.06061e-2 -2.13776e-3 -2.13776e-3
4.84848e-1 9.09091e-2 -4.70504e-3 -4.70504e-3
4.84848e-1 1.21212e-1 -8.27704e-3 -8.27704e-3
4.84848e-1 1.51515e-1 -1.2894e-2 -1.2894e-2
4.84848e-1 1.81818e-1 -1.8587e-2 -1.8587e-2
4.84848e-1 2.12121e-1 -2.5338e-2 -2.5338e-2
4.84848e-1 2.42424e-1 -3.30456e-2 -3.30456e-2
4.84848e-1 2.72727e-1 -4.15062e-2 -4.15062e-2
4.84848e-1 3.0303e-1 -5.04203e-2 -5.04203e-2
4.84848e-1 3.33333e-1 -5.94255e-2 -5.94255e-2
4.84848e-1 3.63636e-1 -6.81484e-2 -6.81484e-2
4.84848e-1 3.93939e-1 -7.62584e-2 -7.62584e-2
4.84848e-1 4.24242e-1 -8.35056e-2 -8.35056e-2
4.84848e-1 4.54545e-1 -8.97324e-2 -8.97324e-2
4.84848e-1 4.84848e-1 -9.48606e-2 -9.48606e-2
4.84848e-1 5.15152e-1 -9.88659e-2 -9.88659e-2
4.84848e-1 5.45455e-1 -1.01752e-1 -1.01752e-1
4.84848e-1 5.75758e-1 -1.03529e-1 -1.03529e-1
4.84848e-1 6.06061e-1 -1.04205e-1 -1.04205e-1
4.84848e-1 6.36364e-1 -1.03783e-1 -1.03783e-1
4.84848e-1 6.66667e-1 -1.02261e-1 -1.02261e-1
4.84848e-1 6.9697e-1 -9.96415e-2 -9.96415e-2
4.84848e-1 7.27273e-1 -9.59339e-2 -9.59339e-2
4.84848e-1 7.57576e-1 -9.11644e-2 -9.11644e-2
4.84848e-1 7.87879e-1 -8.5379e-2 -8.5379e-2
4.84848e-1 8.18182e-1 -7.8647e-2 -7.8647e-2
4.84848e-1 8.48485e-1 -7.1056e-2 -7.1056e-2
4.84848e-1 8.78788e-1 -6.26699e-2 -6.26699e-2
4.84848e-1 9.09091e-1 -5.33292e-2 -5.33292e-2
4.84848e-1 9.39394e-1 -4.20293e-2 -4.20293e-2
4.84848e-1 9.69697e-1 -2.58812e-2 -2.58812e-2

5.15152e-1 3.0303e-2 -5.54569e-4 -5.54569e-4
5.15152e-1 6.06061e-2 -2.11072e-3 -2.11072e-3
5.15152e-1 9.09091e-2 -4.64191e-3 -4.64191e-3
5.15152e-1 1.21212e-1 -8.17965e-3 -8.17965e-3
5.15152e-1 1.51515e-1 -1.27851e-2 -1.27851e-2
5.15152e-1 1.81818e-1 -1.85093e-2 -1.85093e-2
5.15152e-1 2.12121e-1 -2.53487e-2 -2.53487e-2
5.15152e-1 2.42424e-1 -3.3207e-2 -3.3207e-2
5.15152e-1 2.72727e-1 -4.1875e-2 -4.1875e-2
5.15152e-1 3.0303e-1 -5.1037e-2 -5.1037e-2
5.15152e-1 3.33333e-1 -6.0307e-2 -6.0307e-2
5.15152e-1 3.63636e-1 -6.92862e-2 -6.92862e-2
5.15152e-1 3.93939e-1 -7.76242e-2 -7.76242e-2
5.15152e-1 4.24242e-1 -8.50613e-2 -8.50613e-2
5.15152e-1 4.54545e-1 -9.14411e-2 -9.14411e-2
5.15152e-1 4.84848e-1 -9.66936e-2 -9.66936e-2
5.15152e-1 5.15152e-1 -1.00806e-1 -1.00806e-1
5.15152e-1 5.45455e-1 -1.03792e-1 -1.03792e-1
5.15152e-1 5.75758e-1 -1.05668e-1 -1.05668e-1
5.15152e-1 6.06061e-1 -1.06445e-1 -1.06445e-1
5.15152e-1 6.36364e-1 -1.06122e-1 -1.06122e-1
5.15152e-1 6.66667e-1 -1.04693e-1 -1.04693e-1
5.15152e-1 6.9697e-1 -1.02152e-1 -1.02152e-1
5.15152e-1 7.27273e-1 -9.84983e-2 -9.84983e-2
5.15152e-1 7.57576e-1 -9.37483e-2 -9.37483e-2
5.15152e-1 7.87879e-1 -8.79374e-2 -8.79374e-2
5.15152e-1 8.18182e-1 -8.1124e-2 -8.1124e-2
5.15152e-1 8.48485e-1 -7.33817e-2 -7.33817e-2
5.15152e-1 8.78788e-1 -6.47472e-2 -6.47472e-2
5.15152e-1 9.09091e-1 -5.50065e-2 -5.50065e-2
5.15152e-1 9.39394e-1 -4.31064e-2 -4.31064e-2
5.15152e-1 9.69697e-1 -2.62604e-2 -2.62604e-2

5.45455e-1 3.0303e-2 -5.24887e-4 -5.24887e-4
5.45455e-1 6.06061e-2 -2.00092e-3 -2.00092e-3
5.45455e-1 9.09091e-2 -4.41701e-3 -4.41701e-3
5.45455e-1 1.21212e-1 -7.82599e-3 -7.82599e-3
5.45455e-1 1.51515e-1 -1.23126e-2 -1.23126e-2
5.45455e-1 1.81818e-1 -1.79498e-2 -1.79498e-2
5.45455e-1 2.12121e-1 -2.4752e-2 -2.4752e-2
5.45455e-1 2.42424e-1 -3.26343e-2 -3.26343e-2
5.45455e-1 2.72727e-1 -4.13901e-2 -4.13901e-2
5.45455e-1 3.0303e-1 -5.06962e-2 -5.06962e-2
5.45455e-1 3.33333e-1 -6.01493e-2 -6.01493e-2
5.45455e-1 3.63636e-1 -6.93277e-2 -6.93277e-2
5.45455e-1 3.93939e-1 -7.78595e-2 -7.78595e-2
5.45455e-1 4.24242e-1 -8.54711e-2 -8.54711e-2
5.45455e-1 4.54545e-1 -9.20014e-2 -9.20014e-2
5.45455e-1 4.84848e-1 -9.73845e-2 -9.73845e-2
5.45455e-1 5.15152e-1 -1.01616e-1 -1.01616e-1
5.45455e-1 5.45455e-1 -1.04718e-1 -1.04718e-1
5.45455e-1 5.75758e-1 -1.06714e-1 -1.06714e-1
5.45455e-1 6.06061e-1 -1.07617e-1 -1.07617e-1
5.45455e-1 6.36364e-1 -1.07427e-1 -1.07427e-1
5.45455e-1 6.66667e-1 -1.06134e-1 -1.06134e-1
5.45455e-1 6.9697e-1 -1.03724e-1 -1.03724e-1
5.45455e-1 7.27273e-1 -1.0019e-1 -1.0019e-1
5.45455e-1 7.57576e-1 -9.55387e-2 -9.55387e-2
5.45455e-1 7.87879e-1 -8.97937e-2 -8.97937e-2
5.45455e-1 8.18182e-1 -8.30014e-2 -8.30014e-2
5.45455e-1 8.48485e-1 -7.5217e-2 -7.5217e-2
5.45455e-1 8.78788e-1 -6.64426e-2 -6.64426e-2
5.45455e-1 9.09091e-1 -5.6405e-2 -5.6405e-2
5.45455e-1 9.39394e-1 -4.40062e-2 -4.40062e-2
5.45455e-1 9.69697e-1 -2.65668e-2 -2.65668e-2

5.75758e-1 3.0303e-2 -4.69971e-4 -4.69971e-4
5.75758e-1 6.06061e-2 -1.81005e-3 -1.81005e-3
5.75758e-1 9.09091e-2 -4.03505e-3 -4.03505e-3
5.75758e-1 1.21212e-1 -7.22314e-3 -7.22314e-3
5.75758e-1 1.51515e-1 -1.14832e-2 -1.14832e-2
5.75758e-1 1.81818e-1 -1.69111e-2 -1.69111e-2
5.75758e-1 2.12121e-1 -2.35421e-2 -2.35421e-2
5.75758e-1 2.42424e-1 -3.131e-2 -3.131e-2
5.75758e-1 2.72727e-1 -4.00218e-2 -4.00218e-2
5.75758e-1 3.0303e-1 -4.93579e-2 -4.93579e-2
5.75758e-1 3.33333e-1 -5.89065e-2 -5.89065e-2
5.75758e-1 3.63636e-1 -6.82274e-2 -6.82274e-2
5.75758e-1 3.93939e-1 -7.69252e-2 -7.69252e-2
5.75758e-1 4.24242e-1 -8.47062e-2 -8.47062e-2
5.75758e-1 4.54545e-1 -9.1397e-2 -9.1397e-2
5.75758e-1 4.84848e-1 -9.69287e-2 -9.69287e-2
5.75758e-1 5.15152e-1 -1.01301e-1 -1.01301e-1
5.75758e-1 5.45455e-1 -1.04542e-1 -1.04542e-1
5.75758e-1 5.75758e-1 -1.06682e-1 -1.06682e-1
5.75758e-1 6.06061e-1 -1.07741e-1 -1.07741e-1
5.75758e-1 6.36364e-1 -1.07718e-1 -1.07718e-1
5.75758e-1 6.66667e-1 -1.06603e-1 -1.06603e-1
5.75758e-1 6.9697e-1 -1.04377e-1 -1.04377e-1
5.75758e-1 7.27273e-1 -1.01028e-1 -1.01028e-1
5.75758e-1 7.57576e-1 -9.6553e-2 -9.6553e-2
5.75758e-1 7.87879e-1 -9.09649e-2 -9.09649e-2
5.75758e-1 8.18182e-1 -8.42952e-2 -8.42952e-2
5.75758e-1 8.48485e-1 -7.65757e-2 -7.65757e-2
5.75758e-1 8.78788e-1 -6.77668e-2 -6.77668e-2
5.75758e-1 9.09091e-1 -5.7532e-2 -5.7532e-2
5.75758e-1 9.39394e-1 -4.47343e-2 -4.47343e-2
5.75758e-1 9.69697e-1 -2.68038e-2 -2.68038e-2

6.06061e-1 3.0303e-2 -3.92507e-4 -3.92507e-4
6.06061e-1 6.06061e-2 -1.54762e-3 -1.54762e-3
6.06061e-1 9.09091e-2 -3.51428e-3 -3.51428e-3
6.06061e-1 1.21212e-1 -6.39743e-3 -6.39743e-3
6.06061e-1 1.51515e-1 -1.03285e-2 -1.03285e-2
6.06061e-1 1.81818e-1 -1.5425e-2 -1.5425e-2
6.06061e-1 2.12121e-1 -2.17459e-2 -2.17459e-2
6.06061e-1 2.42424e-1 -2.92514e-2 -2.92514e-2
6.06061e-1 2.72727e-1 -3.77736e-2 -3.77736e-2
6.06061e-1 3.0303e-1 -4.70107e-2 -4.70107e-2
6.06061e-1 3.33333e-1 -5.65549e-2 -5.65549e-2
6.06061e-1 3.63636e-1 -6.59538e-2 -6.59538e-2
6.06061e-1 3.93939e-1 -7.4789e-2 -7.4789e-2
6.06061e-1 4.24242e-1 -8.27394e-2 -8.27394e-2
6.06061e-1 4.54545e-1 -8.96099e-2 -8.96099e-2
6.06061e-1 4.84848e-1 -9.5319e-2 -9.5319e-2
6.06061e-1 5.15152e-1 -9.98629e-2 -9.98629e-2
6.06061e-1 5.45455e-1 -1.03274e-1 -1.03274e-1
6.06061e-1 5.75758e-1 -1.0559e-1 -1.0559e-1
6.06061e-1 6.06061e-1 -1.06836e-1 -1.06836e-1
6.06061e-1 6.36364e-1 -1.07016e-1 -1.07016e-1
6.06061e-1 6.66667e-1 -1.06121e-1 -1.06121e-1
6.06061e-1 6.9697e-1 -1.04133e-1 -1.04133e-1
6.06061e-1 7.27273e-1 -1.01034e-1 -1.01034e-1
6.06061e-1 7.57576e-1 -9.68129e-2 -9.68129e-2
6.06061e-1 7.87879e-1 -9.14718e-2 -9.14718e-2
6.06061e-1 8.18182e-1 -8.50243e-2 -8.50243e-2
6.06061e-1 8.48485e-1 -7.74734e-2 -7.74734e-2
6.06061e-1 8.78788e-1 -6.87311e-2 -6.87311e-2
6.06061e-1 9.09091e-1 -5.83955e-2 -5.83955e-2
6.06061e-1 9.39394e-1 -4.52964e-2 -4.52964e-2
6.06061e-1 9.69697e-1 -2.69751e-2 -2.69751e-2

6.36364e-1 3.0303e-2 -2.97972e-4 -2.97972e-4
6.36364e-1 6.06061e-2 -1.23085e-3 -1.23085e-3
6.36364e-1 9.09091e-2 -2.88628e-3 -2.88628e-3
6.36364e-1 1.21212e-1 -5.39446e-3 -5.39446e-3
6.36364e-1 1.51515e-1 -8.90547e-3 -8.90547e-3
6.36364e-1 1.81818e-1 -1.35554e-2 -1.35554e-2
6.36364e-1 2.12121e-1 -1.9428e-2 -1.9428e-2
6.36364e-1 2.42424e-1 -2.65158e-2 -2.65158e-2
6.36364e-1 2.72727e-1 -3.46886e-2 -3.46886e-2
6.36364e-1 3.0303e-1 -4.36781e-2 -4.36781e-2
6.36364e-1 3.33333e-1 -5.30965e-2 -5.30965e-2
6.36364e-1 3.63636e-1 -6.24909e-2 -6.24909e-2
6.36364e-1 3.93939e-1 -7.14226e-2 -7.14226e-2
6.36364e-1 4.24242e-1 -7.95386e-2 -7.95386e-2
6.36364e-1 4.54545e-1 -8.66113e-2 -8.66113e-2
6.36364e-1 4.84848e-1 -9.25349e-2 -9.25349e-2
6.36364e-1 5.15152e-1 -9.72927e-2 -9.72927e-2
6.36364e-1 5.45455e-1 -1.00915e-1 -1.00915e-1
6.36364e-1 5.75758e-1 -1.03446e-1 -1.03446e-1
6.36364e-1 6.06061e-1 -1.04915e-1 -1.04915e-1
6.36364e-1 6.36364e-1 -1.05338e-1 -1.05338e-1
6.36364e-1 6.66667e-1 -1.0471e-1 -1.0471e-1
6.36364e-1 6.9697e-1 -1.03014e-1 -1.03014e-1
6.36364e-1 7.27273e-1 -1.0023e-1 -1.0023e-1
6.36364e-1 7.57576e-1 -9.634e-2 -9.634e-2
6.36364e-1 7.87879e-1 -9.13347e-2 -9.13347e-2
6.36364e-1 8.18182e-1 -8.52066e-2 -8.52066e-2
6.36364e-1 8.48485e-1 -7.79238e-2 -7.79238e-2
6.36364e-1 8.78788e-1 -6.93444e-2 -6.93444e-2
6.36364e-1 9.09091e-1 -5.90009e-2 -5.90009e-2
6.36364e-1 9.39394e-1 -4.56965e-2 -4.56965e-2
6.36364e-1 9.69697e-1 -2.70833e-2 -2.70833e-2

6.66667e-1 3.0303e-2 -1.94214e-4 -1.94214e-4
6.66667e-1 6.06061e-2 -8.83481e-4 -8.83481e-4
6.66667e-1 9.09091e-2 -2.19407e-3 -2.19407e-3
6.66667e-1 1.21212e-1 -4.27714e-3 -4.27714e-3
6.66667e-1 1.51515e-1 -7.29533e-3 -7.29533e-3
6.66667e-1 1.81818e-1 -1.13983e-2 -1.13983e-2
6.66667e-1 2.12121e-1 -1.66925e-2 -1.66925e-2
6.66667e-1 2.42424e-1 -2.32066e-2 -2.32066e-2
6.66667e-1 2.72727e-1 -3.08579e-2 -3.08579e-2
6.66667e-1 3.0303e-1 -3.94285e-2 -3.94285e-2
6.66667e-1 3.33333e-1 -4.85696e-2 -4.85696e-2
6.66667e-1 3.63636e-1 -5.78451e-2 -5.78451e-2
6.66667e-1 3.93939e-1 -6.68055e-2 -6.68055e-2
6.66667e-1 4.24242e-1 -7.50654e-2 -7.50654e-2
6.66667e-1 4.54545e-1 -8.23558e-2 -8.23558e-2
6.66667e-1 4.84848e-1 -8.85334e-2 -8.85334e-2
6.66667e-1 5.15152e-1 -9.35562e-2 -9.35562e-2
6.66667e-1 5.45455e-1 -9.74436e-2 -9.74436e-2
6.66667e-1 5.75758e-1 -1.00239e-1 -1.00239e-1
6.66667e-1 6.06061e-1 -1.01981e-1 -1.01981e-1
6.66667e-1 6.36364e-1 -1.02694e-1 -1.02694e-1
6.66667e-1 6.66667e-1 -1.02382e-1 -1.02382e-1
6.66667e-1 6.9697e-1 -1.01035e-1 -1.01035e-1
6.66667e-1 7.27273e-1 -9.86317e-2 -9.86317e-2
6.66667e-1 7.57576e-1 -9.51505e-2 -9.51505e-2
6.66667e-1 7.87879e-1 -9.05678e-2 -9.05678e-2
6.66667e-1 8.18182e-1 -8.48524e-2 -8.48524e-2
6.66667e-1 8.48485e-1 -7.79328e-2 -7.79328e-2
6.66667e-1 8.78788e-1 -6.96085e-2 -6.96085e-2
6.66667e-1 9.09091e-1 -5.93481e-2 -5.93481e-2
6.66667e-1 9.39394e-1 -4.59352e-2 -4.59352e-2
6.66667e-1 9.69697e-1 -2.71293e-2 -2.71293e-2

6.9697e-1 3.0303e-2 -9.0544e-5 -9.0544e-5
6.9697e-1 6.06061e-2 -5.33378e-4 -5.33378e-4
6.9697e-1 9.09091e-2 -1.48849e-3 -1.48849e-3
6.9697e-1 1.21212e-1 -3.12132e-3 -3.12132e-3
6.9697e-1 1.51515e-1 -5.59948e-3 -5.59948e-3
6.9697e-1 1.81818e-1 -9.07895e-3 -9.07895e-3
6.9697e-1 2.12121e-1 -1.36834e-2 -1.36834e-2
6.9697e-1 2.42424e-1 -1.94768e-2 -1.94768e-2
6.9697e-1 2.72727e-1 -2.64298e-2 -2.64298e-2
6.9697e-1 3.0303e-1 -3.43885e-2 -3.43885e-2
6.9697e-1 3.33333e-1 -4.30649e-2 -4.30649e-2
6.9697e-1 3.63636e-1 -5.20622e-2 -5.20622e-2
6.9697e-1 3.93939e-1 -6.09379e-2 -6.09379e-2
6.9697e-1 4.24242e-1 -6.92823e-2 -6.92823e-2
6.9697e-1 4.54545e-1 -7.67812e-2 -7.67812e-2
6.9697e-1 4.84848e-1 -8.32423e-2 -8.32423e-2
6.9697e-1 5.15152e-1 -8.85836e-2 -8.85836e-2
6.9697e-1 5.45455e-1 -9.28e-2 -9.28e-2
6.9697e-1 5.75758e-1 -9.59258e-2 -9.59258e-2
6.9697e-1 6.06061e-1 -9.80037e-2 -9.80037e-2
6.9697e-1 6.36364e-1 -9.9067e-2 -9.9067e-2
6.9697e-1 6.66667e-1 -9.91314e-2 -9.91314e-2
6.9697e-1 6.9697e-1 -9.8195e-2 -9.8195e-2
6.9697e-1 7.27273e-1 -9.62418e-2 -9.62418e-2
6.9697e-1 7.57576e-1 -9.32457e-2 -9.32457e-2
6.9697e-1 7.87879e-1 -8.917e-2 -8.917e-2
6.9697e-1 8.18182e-1 -8.39568e-2 -8.39568e-2
6.9697e-1 8.48485e-1 -7.7491e-2 -7.7491e-2
6.9697e-1 8.78788e-1 -6.95116e-2 -6.95116e-2
6.9697e-1 9.09091e-1 -5.9426e-2 -5.9426e-2
6.9697e-1 9.39394e-1 -4.6005e-2 -4.6005e-2
6.9697e-1 9.69697e-1 -2.71097e-2 -2.71097e-2

7.27273e-1 3.0303e-2 3.53589e-6 3.53589e-6
7.27273e-1 6.06061e-2 -2.09294e-4 -2.09294e-4
7.27273e-1 9.09091e-2 -8.22967e-4 -8.22967e-4
7.27273e-1 1.21212e-1 -2.00893e-3 -2.00893e-3
7.27273e-1 1.51515e-1 -3.93148e-3 -3.93148e-3
7.27273e-1 1.81818e-1 -6.74405e-3 -6.74405e-3
7.27273e-1 2.12121e-1 -1.05789e-2 -1.05789e-2
7.27273e-1 2.42424e-1 -1.55283e-2 -1.55283e-2
7.27273e-1 2.72727e-1 -2.16151e-2 -2.16151e-2
7.27273e-1 3.0303e-1 -2.8758e-2 -2.8758e-2
7.27273e-1 3.33333e-1 -3.6748e-2 -3.6748e-2
7.27273e-1 3.63636e-1 -4.52542e-2 -4.52542e-2
7.27273e-1 3.93939e-1 -5.38682e-2 -5.38682e-2
7.27273e-1 4.24242e-1 -6.21748e-2 -6.21748e-2
7.27273e-1 4.54545e-1 -6.98218e-2 -6.98218e-2
7.27273e-1 4.84848e-1 -7.65624e-2 -7.65624e-2
7.27273e-1 5.15152e-1 -8.2261e-2 -8.2261e-2
7.27273e-1 5.45455e-1 -8.68723e-2 -8.68723e-2
7.27273e-1 5.75758e-1 -9.04073e-2 -9.04073e-2
7.27273e-1 6.06061e-1 -9.29019e-2 -9.29019e-2
7.27273e-1 6.36364e-1 -9.43942e-2 -9.43942e-2
7.27273e-1 6.66667e-1 -9.491e-2 -9.491e-2
7.27273e-1 6.9697e-1 -9.44582e-2 -9.44582e-2
7.27273e-1 7.27273e-1 -9.30296e-2 -9.30296e-2
7.27273e-1 7.57576e-1 -9.05969e-2 -9.05969e-2
7.27273e-1 7.87879e-1 -8.71108e-2 -8.71108e-2
7.27273e-1 8.18182e-1 -8.2486e-2 -8.2486e-2
7.27273e-1 8.48485e-1 -7.65623e-2 -7.65623e-2
7.27273e-1 8.78788e-1 -6.90188e-2 -6.90188e-2
7.27273e-1 9.09091e-1 -5.92066e-2 -5.92066e-2
7.27273e-1 9.39394e-1 -4.58884e-2 -4.58884e-2
7.27273e-1 9.69697e-1 -2.70184e-2 -2.70184e-2

7.57576e-1 3.0303e-2 7.97301e-5 7.97301e-5
7.57576e-1 6.06061e-2 6.28722e-5 6.28722e-5
7.57576e-1 9.09091e-2 -2.47196e-4 -2.47196e-4
7.57576e-1 1.21212e-1 -1.01905e-3 -1.01905e-3
7.57576e-1 1.51515e-1 -2.40563e-3 -2.40563e-3
7.57576e-1 1.81818e-1 -4.54875e-3 -4.54875e-3
7.57576e-1 2.12121e-1 -7.57808e-3 -7.57808e-3
7.57576e-1 2.42424e-1 -1.1602e-2 -1.1602e-2
7.57576e-1 2.72727e-1 -1.66858e-2 -1.66858e-2
7.57576e-1 3.0303e-1 -2.2819e-2 -2.2819e-2
7.57576e-1 3.33333e-1 -2.98825e-2 -2.98825e-2
7.57576e-1 3.63636e-1 -3.76356e-2 -3.76356e-2
7.57576e-1 3.93939e-1 -4.57365e-2 -4.57365e-2
7.57576e-1 4.24242e-1 -5.37961e-2 -5.37961e-2
7.57576e-1 4.54545e-1 -6.14457e-2 -6.14457e-2
7.57576e-1 4.84848e-1 -6.83912e-2 -6.83912e-2
7.57576e-1 5.15152e-1 -7.44378e-2 -7.44378e-2
7.57576e-1 5.45455e-1 -7.94852e-2 -7.94852e-2
7.57576e-1 5.75758e-1 -8.35041e-2 -8.35041e-2
7.57576e-1 6.06061e-1 -8.65079e-2 -8.65079e-2
7.57576e-1 6.36364e-1 -8.8527e-2 -8.8527e-2
7.57576e-1 6.66667e-1 -8.95907e-2 -8.95907e-2
7.57576e-1 6.9697e-1 -8.97158e-2 -8.97158e-2
7.57576e-1 7.27273e-1 -8.88999e-2 -8.88999e-2
7.57576e-1 7.57576e-1 -8.71162e-2 -8.71162e-2
7.57576e-1 7.87879e-1 -8.43054e-2 -8.43054e-2
7.57576e-1 8.18182e-1 -8.03563e-2 -8.03563e-2
7.57576e-1 8.48485e-1 -7.50659e-2 -7.50659e-2
7.57576e-1 8.78788e-1 -6.80573e-2 -6.80573e-2
7.57576e-1 9.09091e-1 -5.86311e-2 -5.86311e-2
7.57576e-1 9.39394e-1 -4.55458e-2 -4.55458e-2
7.57576e-1 9.69697e-1 -2.6836e-2 -2.6836e-2

7.87879e-1 3.0303e-2 1.32166e-4 1.32166e-4
7.87879e-1 6.06061e-2 2.63556e-4 2.63556e-4
7.87879e-1 9.09091e-2 1.99203e-4 1.99203e-4
7.87879e-1 1.21212e-1 -2.18069e-4 -2.18069e-4
7.87879e-1 1.51515e-1 -1.12318e-3 -1.12318e-3
7.87879e-1 1.81818e-1 -2.6385e-3 -2.6385e-3
7.87879e-1 2.12121e-1 -4.87984e-3 -4.87984e-3
7.87879e-1 2.42424e-1 -7.95617e-3 -7.95617e-3
7.87879e-1 2.72727e-1 -1.19578e-2 -1.19578e-2
7.87879e-1 3.0303e-1 -1.69308e-2 -1.69308e-2
7.87879e-1 3.33333e-1 -2.28431e-2 -2.28431e-2
7.87879e-1 3.63636e-1 -2.95574e-2 -2.95574e-2
7.87879e-1 3.93939e-1 -3.68291e-2 -3.68291e-2
7.87879e-1 4.24242e-1 -4.43347e-2 -4.43347e-2
7.87879e-1 4.54545e-1 -5.17259e-2 -5.17259e-2
7.87879e-1 4.84848e-1 -5.86867e-2 -5.86867e-2
7.87879e-1 5.15152e-1 -6.49723e-2 -6.49723e-2
7.87879e-1 5.45455e-1 -7.04231e-2 -7.04231e-2
7.87879e-1 5.75758e-1 -7.49555e-2 -7.49555e-2
7.87879e-1 6.06061e-1 -7.85424e-2 -7.85424e-2
7.87879e-1 6.36364e-1 -8.11892e-2 -8.11892e-2
7.87879e-1 6.66667e-1 -8.29137e-2 -8.29137e-2
7.87879e-1 6.9697e-1 -8.37305e-2 -8.37305e-2
7.87879e-1 7.27273e-1 -8.3638e-2 -8.3638e-2
7.87879e-1 7.57576e-1 -8.26085e-2 -8.26085e-2
7.87879e-1 7.87879e-1 -8.05732e-2 -8.05732e-2
7.87879e-1 8.18182e-1 -7.73995e-2 -7.73995e-2
7.87879e-1 8.48485e-1 -7.28481e-2 -7.28481e-2
7.87879e-1 8.78788e-1 -6.64946e-2 -6.64946e-2
7.87879e-1 9.09091e-1 -5.7598e-2 -5.7598e-2
7.87879e-1 9.39394e-1 -4.49149e-2 -4.49149e-2
7.87879e-1 9.69697e-1 -2.65402e-2 -2.65402e-2

8.18182e-1 3.0303e-2 1.58134e-4 1.58134e-4
8.18182e-1 6.06061e-2 3.82064e-4 3.82064e-4
8.18182e-1 9.09091e-2 4.91927e-4 4.91927e-4
8.18182e-1 1.21212e-1 3.49259e-4 3.49259e-4
8.18182e-1 1.51515e-1 -1.58311e-4 -1.58311e-4
8.18182e-1 1.81818e-1 -1.12868e-3 -1.12868e-3
8.18182e-1 2.12121e-1 -2.65514e-3 -2.65514e-3
8.18182e-1 2.42424e-1 -4.83247e-3 -4.83247e-3
8.18182e-1 2.72727e-1 -7.75461e-3 -7.75461e-3
8.18182e-1 3.0303e-1 -1.14994e-2 -1.14994e-2
8.18182e-1 3.33333e-1 -1.61014e-2 -1.61014e-2
8.18182e-1 3.63636e-1 -2.15215e-2 -2.15215e-2
8.18182e-1 3.93939e-1 -2.76271e-2 -2.76271e-2
8.18182e-1 4.24242e-1 -3.41961e-2 -3.41961e-2
8.18182e-1 4.54545e-1 -4.09466e-2 -4.09466e-2
8.18182e-1 4.84848e-1 -4.75837e-2 -4.75837e-2
8.18182e-1 5.15152e-1 -5.38435e-2 -5.38435e-2
8.18182e-1 5.45455e-1 -5.95216e-2 -5.95216e-2
8.18182e-1 5.75758e-1 -6.448e-2 -6.448e-2
8.18182e-1 6.06061e-1 -6.864e-2 -6.864e-2
8.18182e-1 6.36364e-1 -7.19656e-2 -7.19656e-2
8.18182e-1 6.66667e-1 -7.44453e-2 -7.44453e-2
8.18182e-1 6.9697e-1 -7.6074e-2 -7.6074e-2
8.18182e-1 7.27273e-1 -7.68377e-2 -7.68377e-2
8.18182e-1 7.57576e-1 -7.66976e-2 -7.66976e-2
8.18182e-1 7.87879e-1 -7.55716e-2 -7.55716e-2
8.18182e-1 8.18182e-1 -7.33073e-2 -7.33073e-2
8.18182e-1 8.48485e-1 -6.96368e-2 -6.96368e-2
8.18182e-1 8.78788e-1 -6.41008e-2 -6.41008e-2
8.18182e-1 9.09091e-1 -5.59288e-2 -5.59288e-2
8.18182e-1 9.39394e-1 -4.38756e-2 -4.38756e-2
8.18182e-1 9.69697e-1 -2.60717e-2 -2.60717e-2

8.48485e-1 3.0303e-2 1.5823e-4 1.5823e-4
8.48485e-1 6.06061e-2 4.17701e-4 4.17701e-4
8.48485e-1 9.09091e-2 6.25071e-4 6.25071e-4
8.48485e-1 1.21212e-1 6.66042e-4 6.66042e-4
8.48485e-1 1.51515e-1 4.52902e-4 4.52902e-4
8.48485e-1 1.81818e-1 -8.62808e-5 -8.62808e-5
8.48485e-1 2.12121e-1 -1.01829e-3 -1.01829e-3
8.48485e-1 2.42424e-1 -2.41392e-3 -2.41392e-3
8.48485e-1 2.72727e-1 -4.35194e-3 -4.35194e-3
8.48485e-1 3.0303e-1 -6.91388e-3 -6.91388e-3
8.48485e-1 3.33333e-1 -1.01678e-2 -1.01678e-2
8.48485e-1 3.63636e-1 -1.4144e-2 -1.4144e-2
8.48485e-1 3.93939e-1 -1.88108e-2 -1.88108e-2
8.48485e-1 4.24242e-1 -2.4061e-2 -2.4061e-2
8.48485e-1 4.54545e-1 -2.97165e-2 -2.97165e-2
8.48485e-1 4.84848e-1 -3.55541e-2 -3.55541e-2
8.48485e-1 5.15152e-1 -4.13403e-2 -4.13403e-2
8.48485e-1 5.45455e-1 -4.68641e-2 -4.68641e-2
8.48485e-1 5.75758e-1 -5.19562e-2 -5.19562e-2
8.48485e-1 6.06061e-1 -5.64951e-2 -5.64951e-2
8.48485e-1 6.36364e-1 -6.04006e-2 -6.04006e-2
8.48485e-1 6.66667e-1 -6.36215e-2 -6.36215e-2
8.48485e-1 6.9697e-1 -6.61191e-2 -6.61191e-2
8.48485e-1 7.27273e-1 -6.78507e-2 -6.78507e-2
8.48485e-1 7.57576e-1 -6.87511e-2 -6.87511e-2
8.48485e-1 7.87879e-1 -6.87116e-2 -6.87116e-2
8.48485e-1 8.18182e-1 -6.75516e-2 -6.75516e-2
8.48485e-1 8.48485e-1 -6.49754e-2 -6.49754e-2
8.48485e-1 8.78788e-1 -6.05007e-2 -6.05007e-2
8.48485e-1 9.09091e-1 -5.33437e-2 -5.33437e-2
8.48485e-1 9.39394e-1 -4.22606e-2 -4.22606e-2
8.48485e-1 9.69697e-1 -2.53779e-2 -2.53779e-2

8.78788e-1 3.0303e-2 1.36047e-4 1.36047e-4
8.78788e-1 6.06061e-2 3.79609e-4 3.79609e-4
8.78788e-1 9.09091e-2 6.11872e-4 6.11872e-4
8.78788e-1 1.21212e-1 7.45843e-4 7.45843e-4
8.78788e-1 1.51515e-1 7.18349e-4 7.18349e-4
8.78788e-1 1.81818e-1 4.81693e-4 4.81693e-4
8.78788e-1 2.12121e-1 -5.57011e-6 -5.57011e-6
8.78788e-1 2.42424e-1 -7.87708e-4 -7.87708e-4
8.78788e-1 2.72727e-1 -1.91828e-3 -1.91828e-3
8.78788e-1 3.0303e-1 -3.46106e-3 -3.46106e-3
8.78788e-1 3.33333e-1 -5.48355e-3 -5.48355e-3
8.78788e-1 3.63636e-1 -8.04339e-3 -8.04339e-3
8.78788e-1 3.93939e-1 -1.11706e-2 -1.11706e-2
8.78788e-1 4.24242e-1 -1.48507e-2 -1.48507e-2
8.78788e-1 4.54545e-1 -1.90151e-2 -1.90151e-2
8.78788e-1 4.84848e-1 -2.35449e-2 -2.35449e-2
8.78788e-1 5.15152e-1 -2.82863e-2 -2.82863e-2
8.78788e-1 5.45455e-1 -3.30751e-2 -3.30751e-2
8.78788e-1 5.75758e-1 -3.77574e-2 -3.77574e-2
8.78788e-1 6.06061e-1 -4.22039e-2 -4.22039e-2
8.78788e-1 6.36364e-1 -4.63133e-2 -4.63133e-2
8.78788e-1 6.66667e-1 -5.00076e-2 -5.00076e-2
8.78788e-1 6.9697e-1 -5.322e-2 -5.322e-2
8.78788e-1 7.27273e-1 -5.58791e-2 -5.58791e-2
8.78788e-1 7.57576e-1 -5.78881e-2 -5.78881e-2
8.78788e-1 7.87879e-1 -5.91012e-2 -5.91012e-2
8.78788e-1 8.18182e-1 -5.92944e-2 -5.92944e-2
8.78788e-1 8.48485e-1 -5.81274e-2 -5.81274e-2
8.78788e-1 8.78788e-1 -5.50835e-2 -5.50835e-2
8.78788e-1 9.09091e-1 -4.9368e-2 -4.9368e-2
8.78788e-1 9.39394e-1 -3.97412e-2 -3.97412e-2
8.78788e-1 9.69697e-1 -2.42827e-2 -2.42827e-2

9.09091e-1 3.0303e-2 9.78729e-5 9.78729e-5
9.09091e-1 6.06061e-2 2.86128e-4 2.86128e-4
9.09091e-1 9.09091e-2 4.8395e-4 4.8395e-4
9.09091e-1 1.21212e-1 6.32237e-4 6.32237e-4
9.09091e-1 1.51515e-1 6.90436e-4 6.90436e-4
9.09091e-1 1.81818e-1 6.31137e-4 6.31137e-4
9.09091e-1 2.12121e-1 4.3327e-4 4.3327e-4
9.09091e-1 2.42424e-1 7.50023e-5 7.50023e-5
9.09091e-1 2.72727e-1 -4.7211e-4 -4.7211e-4
9.09091e-1 3.0303e-1 -1.24601e-3 -1.24601e-3
9.09091e-1 3.33333e-1 -2.29293e-3 -2.29293e-3
9.09091e-1 3.63636e-1 -3.66199e-3 -3.66199e-3
9.09091e-1 3.93939e-1 -5.39674e-3 -5.39674e-3
9.09091e-1 4.24242e-1 -7.52509e-3 -7.52509e-3
9.09091e-1 4.54545e-1 -1.005e-2 -1.005e-2
9.09091e-1 4.84848e-1 -1.29437e-2 -1.29437e-2
9.09091e-1 5.15152e-1 -1.61484e-2 -1.61484e-2
9.09091e-1 5.45455e-1 -1.95839e-2 -1.95839e-2
9.09091e-1 5.75758e-1 -2.31603e-2 -2.31603e-2
9.09091e-1 6.06061e-1 -2.67903e-2 -2.67903e-2
9.09091e-1 6.36364e-1 -3.03974e-2 -3.03974e-2
9.09091e-1 6.66667e-1 -3.39172e-2 -3.39172e-2
9.09091e-1 6.9697e-1 -3.72916e-2 -3.72916e-2
9.09091e-1 7.27273e-1 -4.0455e-2 -4.0455e-2
9.09091e-1 7.57576e-1 -4.33122e-2 -4.33122e-2
9.09091e-1 7.87879e-1 -4.57091e-2 -4.57091e-2
9.09091e-1 8.18182e-1 -4.73961e-2 -4.73961e-2
9.09091e-1 8.48485e-1 -4.79852e-2 -4.79852e-2
9.09091e-1 8.78788e-1 -4.6897e-2 -4.6897e-2
9.09091e-1 9.09091e-1 -4.32824e-2 -4.32824e-2
9.09091e-1 9.39394e-1 -3.58755e-2 -3.58755e-2
9.09091e-1 9.69697e-1 -2.2668e-2 -2.2668e-2

9.39394e-1 3.0303e-2 5.29815e-5 5.29815e-5
9.39394e-1 6.06061e-2 1.64808e-4 1.64808e-4
9.39394e-1 9.09091e-2 2.9071e-4 2.9071e-4
9.39394e-1 1.21212e-1 3.97462e-4 3.97462e-4
9.39394e-1 1.51515e-1 4.63833e-4 4.63833e-4
9.39394e-1 1.81818e-1 4.7756e-4 4.7756e-4
9.39394e-1 2.12121e-1 4.31156e-4 4.31156e-4
9.39394e-1 2.42424e-1 3.17536e-4 3.17536e-4
9.39394e-1 2.72727e-1 1.26301e-4 1.26301e-4
9.39394e-1 3.0303e-1 -1.58526e-4 -1.58526e-4
9.39394e-1 3.33333e-1 -5.58814e-4 -5.58814e-4
9.39394e-1 3.63636e-1 -1.10077e-3 -1.10077e-3
9.39394e-1 3.93939e-1 -1.81199e-3 -1.81199e-3
9.39394e-1 4.24242e-1 -2.71788e-3 -2.71788e-3
9.39394e-1 4.54545e-1 -3.83778e-3 -3.83778e-3
9.39394e-1 4.84848e-1 -5.1818e-3 -5.1818e-3
9.39394e-1 5.15152e-1 -6.74885e-3 -6.74885e-3
9.39394e-1 5.45455e-1 -8.52697e-3 -8.52697e-3
9.39394e-1 5.75758e-1 -1.04964e-2 -1.04964e-2
9.39394e-1 6.06061e-1 -1.26351e-2 -1.26351e-2
9.39394e-1 6.36364e-1 -1.49245e-2 -1.49245e-2
9.39394e-1 6.66667e-1 -1.73541e-2 -1.73541e-2
9.39394e-1 6.9697e-1 -1.99204e-2 -1.99204e-2
9.39394e-1 7.27273e-1 -2.26196e-2 -2.26196e-2
9.39394e-1 7.57576e-1 -2.54283e-2 -2.54283e-2
9.39394e-1 7.87879e-1 -2.82721e-2 -2.82721e-2
9.39394e-1 8.18182e-1 -3.09799e-2 -3.09799e-2
9.39394e-1 8.48485e-1 -3.32229e-2 -3.32229e-2
9.39394e-1 8.78788e-1 -3.44374e-2 -3.44374e-2
9.39394e-1 9.09091e-1 -3.37143e-2 -3.37143e-2
9.39394e-1 9.39394e-1 -2.96117e-2 -2.96117e-2
9.39394e-1 9.69697e-1 -1.97914e-2 -1.97914e-2

9.69697e-1 3.0303e-2 1.47026e-5 1.47026e-5
9.69697e-1 6.06061e-2 5.34781e-5 5.34781e-5
9.69697e-1 9.09091e-2 1.00089e-4 1.00089e-4
9.69697e-1 1.21212e-1 1.42545e-4 1.42545e-4
9.69697e-1 1.51515e-1 1.74122e-4 1.74122e-4
9.69697e-1 1.81818e-1 1.91905e-4 1.91905e-4
9.69697e-1 2.12121e-1 1.95027e-4 1.95027e-4
9.69697e-1 2.42424e-1 1.82993e-4 1.82993e-4
9.69697e-1 2.72727e-1 1.54317e-4 1.54317e-4
9.69697e-1 3.0303e-1 1.05651e-4 1.05651e-4
9.69697e-1 3.33333e-1 3.15441e-5 3.15441e-5
9.69697e-1 3.63636e-1 -7.52694e-5 -7.52694e-5
9.69697e-1 3.93939e-1 -2.23226e-4 -2.23226e-4
9.69697e-1 4.24242e-1 -4.21153e-4 -4.21153e-4
9.69697e-1 4.54545e-1 -6.77429e-4 -6.77429e-4
9.69697e-1 4.84848e-1 -9.99156e-4 -9.99156e-4
9.69697e-1 5.15152e-1 -1.39147e-3 -1.39147e-3
9.69697e-1 5.45455e-1 -1.85742e-3 -1.85742e-3
9.69697e-1 5.75758e-1 -2.39893e-3 -2.39893e-3
9.69697e-1 6.06061e-1 -3.01937e-3 -3.01937e-3
9.69697e-1 6.36364e-1 -3.72771e-3 -3.72771e-3
9.69697e-1 6.66667e-1 -4.54382e-3 -4.54382e-3
9.69697e-1 6.9697e-1 -5.50342e-3 -5.50342e-3
9.69697e-1 7.27273e-1 -6.65998e-3 -6.65998e-3
9.69697e-1 7.57576e-1 -8.07924e-3 -8.07924e-3
9.69697e-1 7.87879e-1 -9.82151e-3 -9.82151e-3
9.69697e-1 8.18182e-1 -1.19079e-2 -1.19079e-2
9.69697e-1 8.48485e-1 -1.42682e-2 -1.42682e-2
9.69697e-1 8.78788e-1 -1.66662e-2 -1.66662e-2
9.69697e-1 9.09091e-1 -1.85732e-2 -1.85732e-2
9.69697e-1 9.39394e-1 -1.88752e-2 -1.88752e-2
9.69697e-1 9.69697e-1 -1.5001e-2 -1.5001e-2
