3.0303e-2 3.0303e-2 1.69117e-5 1.69117e-5
3.0303e-2 6.06061e-2 4.17115e-5 4.17115e-5
3.0303e-2 9.09091e-2 5.4705e-5 5.4705e-5
3.0303e-2 1.21212e-1 4.16857e-5 4.16857e-5
3.0303e-2 1.51515e-1 -8.89101e-6 -8.89101e-6
3.0303e-2 1.81818e-1 -1.06197e-4 -1.06197e-4
3.0303e-2 2.12121e-1 -2.55591e-4 -2.55591e-4
3.0303e-2 2.42424e-1 -4.5683e-4 -4.5683e-4
3.0303e-2 2.72727e-1 -7.02952e-4 -7.02952e-4
3.0303e-2 3.0303e-1 -9.80371e-4 -9.80371e-4
3.0303e-2 3.33333e-1 -1.27027e-3 -1.27027e-3
3.0303e-2 3.63636e-1 -1.55095e-3 -1.55095e-3
3.0303e-2 3.93939e-1 -1.80066e-3 -1.80066e-3
3.0303e-2 4.24242e-1 -2.00021e-3 -2.00021e-3
3.0303e-2 4.54545e-1 -2.13514e-3 -2.13514e-3
3.0303e-2 4.84848e-1 -2.19698e-3 -2.19698e-3
3.0303e-2 5.15152e-1 -2.18379e-3 -2.18379e-3
3.0303e-2 5.45455e-1 -2.09997e-3 -2.09997e-3
3.0303e-2 5.75758e-1 -1.95541e-3 -1.95541e-3
3.0303e-2 6.06061e-1 -1.76418e-3 -1.76418e-3
3.0303e-2 6.36364e-1 -1.54284e-3 -1.54284e-3
3.0303e-2 6.66667e-1 -1.30854e-3 -1.30854e-3
3.0303e-2 6.9697e-1 -1.07721e-3 -1.07721e-3
3.0303e-2 7.27273e-1 -8.62239e-4 -8.62239e-4
3.0303e-2 7.57576e-1 -6.73958e-4 -6.73958e-4
3.0303e-2 7.87879e-1 -5.20246e-4 -5.20246e-4
3.0303e-2 8.18182e-1 -4.09104e-4 -4.09104e-4
3.0303e-2 8.48485e-1 -3.55567e-4 -3.55567e-4
3.0303e-2 8.78788e-1 -3.98158e-4 -3.98158e-4
3.0303e-2 9.09091e-1 -6.32664e-4 -6.32664e-4
3.0303e-2 9.39394e-1 -1.27474e-3 -1.27474e-3
3.0303e-2 9.69697e-1 -2.71916e-3 -2.71916e-3

6.06061e-2 3.0303e-2 4.13521e-5 4.13521e-5
6.06061e-2 6.06061e-2 9.04237e-5 9.04237e-5
6.06061e-2 9.09091e-2 9.49263e-5 9.49263e-5
6.06061e-2 1.21212e-1 1.60076e-5 1.60076e-5
6.06061e-2 1.51515e-1 -1.76223e-4 -1.76223e-4
6.06061e-2 1.81818e-1 -5.02438e-4 -5.02438e-4
6.06061e-2 2.12121e-1 -9.71369e-4 -9.71369e-4
6.06061e-2 2.42424e-1 -1.57717e-3 -1.57717e-3
6.06061e-2 2.72727e-1 -2.29853e-3 -2.29853e-3
6.06061e-2 3.0303e-1 -3.10007e-3 -3.10007e-3
6.06061e-2 3.33333e-1 -3.93611e-3 -3.93611e-3
6.06061e-2 3.63636e-1 -4.7556e-3 -4.7556e-3
6.06061e-2 3.93939e-1 -5.50764e-3 -5.50764e-3
6.06061e-2 4.24242e-1 -6.14632e-3 -6.14632e-3
6.06061e-2 4.54545e-1 -6.63436e-3 -6.63436e-3
6.06061e-2 4.84848e-1 -6.94554e-3 -6.94554e-3
6.06061e-2 5.15152e-1 -7.0657e-3 -7.0657e-3
6.06061e-2 5.45455e-1 -6.99303e-3 -6.99303e-3
6.06061e-2 5.75758e-1 -6.73758e-3 -6.73758e-3
6.06061e-2 6.06061e-1 -6.32036e-3 -6.32036e-3
6.06061e-2 6.36364e-1 -5.77195e-3 -5.77195e-3
6.06061e-2 6.66667e-1 -5.13059e-3 -5.13059e-3
6.06061e-2 6.9697e-1 -4.43966e-3 -4.43966e-3
6.06061e-2 7.27273e-1 -3.74454e-3 -3.74454e-3
6.06061e-2 7.57576e-1 -3.08936e-3 -3.08936e-3
6.06061e-2 7.87879e-1 -2.51502e-3 -2.51502e-3
6.06061e-2 8.18182e-1 -2.0611e-3 -2.0611e-3
6.06061e-2 8.48485e-1 -1.7761e-3 -1.7761e-3
6.06061e-2 8.78788e-1 -1.74187e-3 -1.74187e-3
6.06061e-2 9.09091e-1 -2.11374e-3 -2.11374e-3
6.06061e-2 9.39394e-1 -3.17372e-3 -3.17372e-3
6.06061e-2 9.69697e-1 -5.16631e-3 -5.16631e-3

9.09091e-2 3.0303e-2 5.74162e-5 5.74162e-5
9.09091e-2 6.06061e-2 1.06583e-4 1.06583e-4
9.09091e-2 9.09091e-2 6.00505e-5 6.00505e-5
9.09091e-2 1.21212e-1 -1.47489e-4 -1.47489e-4
9.09091e-2 1.51515e-1 -5.63911e-4 -5.63911e-4
9.09091e-2 1.81818e-1 -1.21853e-3 -1.21853e-3
9.09091e-2 2.12121e-1 -2.11877e-3 -2.11877e-3
9.09091e-2 2.42424e-1 -3.24775e-3 -3.24775e-3
9.09091e-2 2.72727e-1 -4.56464e-3 -4.56464e-3
9.09091e-2 3.0303e-1 -6.00834e-3 -6.00834e-3
9.09091e-2 3.33333e-1 -7.50387e-3 -7.50387e-3
9.09091e-2 3.63636e-1 -8.97036e-3 -8.97036e-3
9.09091e-2 3.93939e-1 -1.03289e-2 -1.03289e-2
9.09091e-2 4.24242e-1 -1.15092e-2 -1.15092e-2
9.09091e-2 4.54545e-1 -1.24539e-2 -1.24539e-2
9.09091e-2 4.84848e-1 -1.31209e-2 -1.31209e-2
9.09091e-2 5.15152e-1 -1.34842e-2 -1.34842e-2
9.09091e-2 5.45455e-1 -1.35336e-2 -1.35336e-2
9.09091e-2 5.75758e-1 -1.3274e-2 -1.3274e-2
9.09091e-2 6.06061e-1 -1.27249e-2 -1.27249e-2
9.09091e-2 6.36364e-1 -1.19198e-2 -1.19198e-2
9.09091e-2 6.66667e-1 -1.09057e-2 -1.09057e-2
9.09091e-2 6.9697e-1 -9.74231e-3 -9.74231e-3
9.09091e-2 7.27273e-1 -8.50003e-3 -8.50003e-3
9.09091e-2 7.57576e-1 -7.2574e-3 -7.2574e-3
9.09091e-2 7.87879e-1 -6.09754e-3 -6.09754e-3
9.09091e-2 8.18182e-1 -5.10651e-3 -5.10651e-3
9.09091e-2 8.48485e-1 -4.37805e-3 -4.37805e-3
9.09091e-2 8.78788e-1 -4.03186e-3 -4.03186e-3
9.09091e-2 9.09091e-1 -4.24091e-3 -4.24091e-3
9.09091e-2 9.39394e-1 -5.28592e-3 -5.28592e-3
9.09091e-2 9.69697e-1 -7.13168e-3 -7.13168e-3

1.21212e-1 3.0303e-2 5.92193e-5 5.92193e-5
1.21212e-1 6.06061e-2 7.37452e-5 7.37452e-5
1.21212e-1 9.09091e-2 -7.6862e-5 -7.6862e-5
1.21212e-1 1.21212e-1 -4.82859e-4 -4.82859e-4
1.21212e-1 1.51515e-1 -1.20756e-3 -1.20756e-3
1.21212e-1 1.81818e-1 -2.28494e-3 -2.28494e-3
1.21212e-1 2.12121e-1 -3.71601e-3 -3.71601e-3
1.21212e-1 2.42424e-1 -5.46723e-3 -5.46723e-3
1.21212e-1 2.72727e-1 -7.47279e-3 -7.47279e-3
1.21212e-1 3.0303e-1 -9.64108e-3 -9.64108e-3
1.21212e-1 3.33333e-1 -1.18647e-2 -1.18647e-2
1.21212e-1 3.63636e-1 -1.40319e-2 -1.40319e-2
1.21212e-1 3.93939e-1 -1.60371e-2 -1.60371e-2
1.21212e-1 4.24242e-1 -1.7789e-2 -1.7789e-2
1.21212e-1 4.54545e-1 -1.92151e-2 -1.92151e-2
1.21212e-1 4.84848e-1 -2.02631e-2 -2.02631e-2
1.21212e-1 5.15152e-1 -2.09003e-2 -2.09003e-2
1.21212e-1 5.45455e-1 -2.11123e-2 -2.11123e-2
1.21212e-1 5.75758e-1 -2.09016e-2 -2.09016e-2
1.21212e-1 6.06061e-1 -2.02858e-2 -2.02858e-2
1.21212e-1 6.36364e-1 -1.92979e-2 -1.92979e-2
1.21212e-1 6.66667e-1 -1.79864e-2 -1.79864e-2
1.21212e-1 6.9697e-1 -1.64157e-2 -1.64157e-2
1.21212e-1 7.27273e-1 -1.46673e-2 -1.46673e-2
1.21212e-1 7.57576e-1 -1.28389e-2 -1.28389e-2
1.21212e-1 7.87879e-1 -1.10436e-2 -1.10436e-2
1.21212e-1 8.18182e-1 -9.40672e-3 -9.40672e-3
1.21212e-1 8.48485e-1 -8.06441e-3 -8.06441e-3
1.21212e-1 8.78788e-1 -7.17071e-3 -7.17071e-3
1.21212e-1 9.09091e-1 -6.9009e-3 -6.9009e-3
1.21212e-1 9.39394e-1 -7.51936e-3 -7.51936e-3
1.21212e-1 9.69697e-1 -8.76557e-3 -8.76557e-3

1.51515e-1 3.0303e-2 4.58003e-5 4.58003e-5
1.51515e-1 6.06061e-2 -1.32178e-5 -1.32178e-5
1.51515e-1 9.09091e-2 -3.27001e-4 -3.27001e-4
1.51515e-1 1.21212e-1 -1.00776e-3 -1.00776e-3
1.51515e-1 1.51515e-1 -2.13026e-3 -2.13026e-3
1.51515e-1 1.81818e-1 -3.72782e-3 -3.72782e-3
1.51515e-1 2.12121e-1 -5.78869e-3 -5.78869e-3
1.51515e-1 2.42424e-1 -8.25585e-3 -8.25585e-3
1.51515e-1 2.72727e-1 -1.10319e-2 -1.10319e-2
1.51515e-1 3.0303e-1 -1.39894e-2 -1.39894e-2
1.51515e-1 3.33333e-1 -1.69853e-2 -1.69853e-2
1.51515e-1 3.63636e-1 -1.98764e-2 -1.98764e-2
1.51515e-1 3.93939e-1 -2.25333e-2 -2.25333e-2
1.51515e-1 4.24242e-1 -2.48482e-2 -2.48482e-2
1.51515e-1 4.54545e-1 -2.67392e-2 -2.67392e-2
1.51515e-1 4.84848e-1 -2.81496e-2 -2.81496e-2
1.51515e-1 5.15152e-1 -2.90458e-2 -2.90458e-2
1.51515e-1 5.45455e-1 -2.94136e-2 -2.94136e-2
1.51515e-1 5.75758e-1 -2.92561e-2 -2.92561e-2
1.51515e-1 6.06061e-1 -2.85917e-2 -2.85917e-2
1.51515e-1 6.36364e-1 -2.74534e-2 -2.74534e-2
1.51515e-1 6.66667e-1 -2.58895e-2 -2.58895e-2
1.51515e-1 6.9697e-1 -2.3965e-2 -2.3965e-2
1.51515e-1 7.27273e-1 -2.17634e-2 -2.17634e-2
1.51515e-1 7.57576e-1 -1.93891e-2 -1.93891e-2
1.51515e-1 7.87879e-1 -1.69678e-2 -1.69678e-2
1.51515e-1 8.18182e-1 -1.46461e-2 -1.46461e-2
1.51515e-1 8.48485e-1 -1.25869e-2 -1.25869e-2
1.51515e-1 8.78788e-1 -1.09701e-2 -1.09701e-2
1.51515e-1 9.09091e-1 -9.97146e-3 -9.97146e-3
1.51515e-1 9.39394e-1 -9.84554e-3 -9.84554e-3
1.51515e-1 9.69697e-1 -1.0194e-2 -1.0194e-2

1.81818e-1 3.0303e-2 1.74369e-5 1.74369e-5
1.81818e-1 6.06061e-2 -1.55898e-4 -1.55898e-4
1.81818e-1 9.09091e-2 -6.95662e-4 -6.95662e-4
1.81818e-1 1.21212e-1 -1.73136e-3 -1.73136e-3
1.81818e-1 1.51515e-1 -3.34291e-3 -3.34291e-3
1.81818e-1 1.81818e-1 -5.55544e-3 -5.55544e-3
1.81818e-1 2.12121e-1 -8.33647e-3 -8.33647e-3
1.81818e-1 2.42424e-1 -1.15978e-2 -1.15978e-2
1.81818e-1 2.72727e-1 -1.52037e-2 -1.52037e-2
1.81818e-1 3.0303e-1 -1.89859e-2 -1.89859e-2
1.81818e-1 3.33333e-1 -2.2764e-2 -2.2764e-2
1.81818e-1 3.63636e-1 -2.63659e-2 -2.63659e-2
1.81818e-1 3.93939e-1 -2.96434e-2 -2.96434e-2
1.81818e-1 4.24242e-1 -3.24797e-2 -3.24797e-2
1.81818e-1 4.54545e-1 -3.47907e-2 -3.47907e-2
1.81818e-1 4.84848e-1 -3.65219e-2 -3.65219e-2
1.81818e-1 5.15152e-1 -3.76432e-2 -3.76432e-2
1.81818e-1 5.45455e-1 -3.81439e-2 -3.81439e-2
1.81818e-1 5.75758e-1 -3.80293e-2 -3.80293e-2
1.81818e-1 6.06061e-1 -3.73186e-2 -3.73186e-2
1.81818e-1 6.36364e-1 -3.60444e-2 -3.60444e-2
1.81818e-1 6.66667e-1 -3.42536e-2 -3.42536e-2
1.81818e-1 6.9697e-1 -3.20095e-2 -3.20095e-2
1.81818e-1 7.27273e-1 -2.9394e-2 -2.9394e-2
1.81818e-1 7.57576e-1 -2.65109e-2 -2.65109e-2
1.81818e-1 7.87879e-1 -2.34876e-2 -2.34876e-2
1.81818e-1 8.18182e-1 -2.0477e-2 -2.0477e-2
1.81818e-1 8.48485e-1 -1.76518e-2 -1.76518e-2
1.81818e-1 8.78788e-1 -1.52061e-2 -1.52061e-2
1.81818e-1 9.09091e-1 -1.33163e-2 -1.33163e-2
1.81818e-1 9.39394e-1 -1.2238e-2 -1.2238e-2
1.81818e-1 9.69697e-1 -1.14984e-2 -1.14984e-2

2.12121e-1 3.0303e-2 -2.6125e-5 -2.6125e-5
2.12121e-1 6.06061e-2 -3.55915e-4 -3.55915e-4
2.12121e-1 9.09091e-2 -1.18568e-3 -1.18568e-3
2.12121e-1 1.21212e-1 -2.65487e-3 -2.65487e-3
2.12121e-1 1.51515e-1 -4.83949e-3 -4.83949e-3
2.12121e-1 1.81818e-1 -7.74732e-3 -7.74732e-3
2.12121e-1 2.12121e-1 -1.13169e-2 -1.13169e-2
2.12121e-1 2.42424e-1 -1.54216e-2 -1.54216e-2
2.12121e-1 2.72727e-1 -1.9881e-2 -1.9881e-2
2.12121e-1 3.0303e-1 -2.44828e-2 -2.44828e-2
2.12121e-1 3.33333e-1 -2.90104e-2 -2.90104e-2
2.12121e-1 3.63636e-1 -3.32683e-2 -3.32683e-2
2.12121e-1 3.93939e-1 -3.70982e-2 -3.70982e-2
2.12121e-1 4.24242e-1 -4.03837e-2 -4.03837e-2
2.12121e-1 4.54545e-1 -4.30473e-2 -4.30473e-2
2.12121e-1 4.84848e-1 -4.50428e-2 -4.50428e-2
2.12121e-1 5.15152e-1 -4.63478e-2 -4.63478e-2
2.12121e-1 5.45455e-1 -4.69567e-2 -4.69567e-2
2.12121e-1 5.75758e-1 -4.6877e-2 -4.6877e-2
2.12121e-1 6.06061e-1 -4.61272e-2 -4.61272e-2
2.12121e-1 6.36364e-1 -4.4737e-2 -4.4737e-2
2.12121e-1 6.66667e-1 -4.27487e-2 -4.27487e-2
2.12121e-1 6.9697e-1 -4.02205e-2 -4.02205e-2
2.12121e-1 7.27273e-1 -3.72293e-2 -3.72293e-2
2.12121e-1 7.57576e-1 -3.38742e-2 -3.38742e-2
2.12121e-1 7.87879e-1 -3.02785e-2 -3.02785e-2
2.12121e-1 8.18182e-1 -2.65931e-2 -2.65931e-2
2.12121e-1 8.48485e-1 -2.299e-2 -2.299e-2
2.12121e-1 8.78788e-1 -1.96677e-2 -1.96677e-2
2.12121e-1 9.09091e-1 -1.68033e-2 -1.68033e-2
2.12121e-1 9.39394e-1 -1.4661e-2 -1.4661e-2
2.12121e-1 9.69697e-1 -1.27242e-2 -1.27242e-2

2.42424e-1 3.0303e-2 -8.58965e-5 -8.58965e-5
2.42424e-1 6.06061e-2 -6.14781e-4 -6.14781e-4
2.42424e-1 9.09091e-2 -1.79547e-3 -1.79547e-3
2.42424e-1 1.21212e-1 -3.76663e-3 -3.76663e-3
2.42424e-1 1.51515e-1 -6.58969e-3 -6.58969e-3
2.42424e-1 1.81818e-1 -1.02467e-2 -1.02467e-2
2.42424e-1 2.12121e-1 -1.46405e-2 -1.46405e-2
2.42424e-1 2.42424e-1 -1.95997e-2 -1.95997e-2
2.42424e-1 2.72727e-1 -2.48943e-2 -2.48943e-2
2.42424e-1 3.0303e-1 -3.02668e-2 -3.02668e-2
2.42424e-1 3.33333e-1 -3.54689e-2 -3.54689e-2
2.42424e-1 3.63636e-1 -4.02909e-2 -4.02909e-2
2.42424e-1 3.93939e-1 -4.45755e-2 -4.45755e-2
2.42424e-1 4.24242e-1 -4.82175e-2 -4.82175e-2
2.42424e-1 4.54545e-1 -5.11537e-2 -5.11537e-2
2.42424e-1 4.84848e-1 -5.33516e-2 -5.33516e-2
2.42424e-1 5.15152e-1 -5.47987e-2 -5.47987e-2
2.42424e-1 5.45455e-1 -5.54948e-2 -5.54948e-2
2.42424e-1 5.75758e-1 -5.54487e-2 -5.54487e-2
2.42424e-1 6.06061e-1 -5.46759e-2 -5.46759e-2
2.42424e-1 6.36364e-1 -5.32002e-2 -5.32002e-2
2.42424e-1 6.66667e-1 -5.10558e-2 -5.10558e-2
2.42424e-1 6.9697e-1 -4.82916e-2 -4.82916e-2
2.42424e-1 7.27273e-1 -4.49748e-2 -4.49748e-2
2.42424e-1 7.57576e-1 -4.11955e-2 -4.11955e-2
2.42424e-1 7.87879e-1 -3.70696e-2 -3.70696e-2
2.42424e-1 8.18182e-1 -3.27413e-2 -3.27413e-2
2.42424e-1 8.48485e-1 -2.83779e-2 -2.83779e-2
2.42424e-1 8.78788e-1 -2.41769e-2 -2.41769e-2
2.42424e-1 9.09091e-1 -2.03166e-2 -2.03166e-2
2.42424e-1 9.39394e-1 -1.70734e-2 -1.70734e-2
2.42424e-1 9.69697e-1 -1.38939e-2 -1.38939e-2

2.72727e-1 3.0303e-2 -1.62882e-4 -1.62882e-4
2.72727e-1 6.06061e-2 -9.31278e-4 -9.31278e-4
2.72727e-1 9.09091e-2 -2.51382e-3 -2.51382e-3
2.72727e-1 1.21212e-1 -5.03532e-3 -5.03532e-3
2.72727e-1 1.51515e-1 -8.53336e-3 -8.53336e-3
2.72727e-1 1.81818e-1 -1.29591e-2 -1.29591e-2
2.72727e-1 2.12121e-1 -1.81755e-2 -1.81755e-2
2.72727e-1 2.42424e-1 -2.39607e-2 -2.39607e-2
2.72727e-1 2.72727e-1 -3.00318e-2 -3.00318e-2
2.72727e-1 3.0303e-1 -3.60877e-2 -3.60877e-2
2.72727e-1 3.33333e-1 -4.18567e-2 -4.18567e-2
2.72727e-1 3.63636e-1 -4.71272e-2 -4.71272e-2
2.72727e-1 3.93939e-1 -5.17555e-2 -5.17555e-2
2.72727e-1 4.24242e-1 -5.56566e-2 -5.56566e-2
2.72727e-1 4.54545e-1 -5.87875e-2 -5.87875e-2
2.72727e-1 4.84848e-1 -6.11315e-2 -6.11315e-2
2.72727e-1 5.15152e-1 -6.26859e-2 -6.26859e-2
2.72727e-1 5.45455e-1 -6.3455e-2 -6.3455e-2
2.72727e-1 5.75758e-1 -6.34469e-2 -6.34469e-2
2.72727e-1 6.06061e-1 -6.26726e-2 -6.26726e-2
2.72727e-1 6.36364e-1 -6.11479e-2 -6.11479e-2
2.72727e-1 6.66667e-1 -5.88962e-2 -5.88962e-2
2.72727e-1 6.9697e-1 -5.59535e-2 -5.59535e-2
2.72727e-1 7.27273e-1 -5.23731e-2 -5.23731e-2
2.72727e-1 7.57576e-1 -4.82322e-2 -4.82322e-2
2.72727e-1 7.87879e-1 -4.36347e-2 -4.36347e-2
2.72727e-1 8.18182e-1 -3.87158e-2 -3.87158e-2
2.72727e-1 8.48485e-1 -3.3636e-2 -3.3636e-2
2.72727e-1 8.78788e-1 -2.85904e-2 -2.85904e-2
2.72727e-1 9.09091e-1 -2.37597e-2 -2.37597e-2
2.72727e-1 9.39394e-1 -1.9433e-2 -1.9433e-2
2.72727e-1 9.69697e-1 -1.50119e-2 -1.50119e-2

3.0303e-1 3.0303e-2 -2.56921e-4 -2.56921e-4
3.0303e-1 6.06061e-2 -1.29808e-3 -1.29808e-3
3.0303e-1 9.09091e-2 -3.31497e-3 -3.31497e-3
3.0303e-1 1.21212e-1 -6.40628e-3 -6.40628e-3
3.0303e-1 1.51515e-1 -1.05815e-2 -1.05815e-2
3.0303e-1 1.81818e-1 -1.57601e-2 -1.57601e-2
3.0303e-1 2.12121e-1 -2.17617e-2 -2.17617e-2
3.0303e-1 2.42424e-1 -2.83096e-2 -2.83096e-2
3.0303e-1 2.72727e-1 -3.50659e-2 -3.50659e-2
3.0303e-1 3.0303e-1 -4.1692e-2 -4.1692e-2
3.0303e-1 3.33333e-1 -4.79047e-2 -4.79047e-2
3.0303e-1 3.63636e-1 -5.35038e-2 -5.35038e-2
3.0303e-1 3.93939e-1 -5.83703e-2 -5.83703e-2
3.0303e-1 4.24242e-1 -6.24455e-2 -6.24455e-2
3.0303e-1 4.54545e-1 -6.57084e-2 -6.57084e-2
3.0303e-1 4.84848e-1 -6.81567e-2 -6.81567e-2
3.0303e-1 5.15152e-1 -6.97954e-2 -6.97954e-2
3.0303e-1 5.45455e-1 -7.06308e-2 -7.06308e-2
3.0303e-1 5.75758e-1 -7.06687e-2 -7.06687e-2
3.0303e-1 6.06061e-1 -6.99146e-2 -6.99146e-2
3.0303e-1 6.36364e-1 -6.83755e-2 -6.83755e-2
3.0303e-1 6.66667e-1 -6.60635e-2 -6.60635e-2
3.0303e-1 6.9697e-1 -6.3e-2 -6.3e-2
3.0303e-1 7.27273e-1 -5.92222e-2 -5.92222e-2
3.0303e-1 7.57576e-1 -5.47904e-2 -5.47904e-2
3.0303e-1 7.87879e-1 -4.97931e-2 -4.97931e-2
3.0303e-1 8.18182e-1 -4.43535e-2 -4.43535e-2
3.0303e-1 8.48485e-1 -3.86238e-2 -3.86238e-2
3.0303e-1 8.78788e-1 -3.2796e-2 -3.2796e-2
3.0303e-1 9.09091e-1 -2.70553e-2 -2.70553e-2
3.0303e-1 9.39394e-1 -2.17023e-2 -2.17023e-2
3.0303e-1 9.69697e-1 -1.6078e-2 -1.6078e-2

3.33333e-1 3.0303e-2 -3.65566e-4 -3.65566e-4
3.33333e-1 6.06061e-2 -1.69914e-3 -1.69914e-3
3.33333e-1 9.09091e-2 -4.15664e-3 -4.15664e-3
3.33333e-1 1.21212e-1 -7.80371e-3 -7.80371e-3
3.33333e-1 1.51515e-1 -1.26242e-2 -1.26242e-2
3.33333e-1 1.81818e-1 -1.85078e-2 -1.85078e-2
3.33333e-1 2.12121e-1 -2.52277e-2 -2.52277e-2
3.33333e-1 2.42424e-1 -3.24484e-2 -3.24484e-2
3.33333e-1 2.72727e-1 -3.97794e-2 -3.97794e-2
3.33333e-1 3.0303e-1 -4.68538e-2 -4.68538e-2
3.33333e-1 3.33333e-1 -5.33903e-2 -5.33903e-2
3.33333e-1 3.63636e-1 -5.92126e-2 -5.92126e-2
3.33333e-1 3.93939e-1 -6.4233e-2 -6.4233e-2
3.33333e-1 4.24242e-1 -6.84211e-2 -6.84211e-2
3.33333e-1 4.54545e-1 -7.17754e-2 -7.17754e-2
3.33333e-1 4.84848e-1 -7.43043e-2 -7.43043e-2
3.33333e-1 5.15152e-1 -7.60166e-2 -7.60166e-2
3.33333e-1 5.45455e-1 -7.69179e-2 -7.69179e-2
3.33333e-1 5.75758e-1 -7.70106e-2 -7.70106e-2
3.33333e-1 6.06061e-1 -7.62944e-2 -7.62944e-2
3.33333e-1 6.36364e-1 -7.47687e-2 -7.47687e-2
3.33333e-1 6.66667e-1 -7.24347e-2 -7.24347e-2
3.33333e-1 6.9697e-1 -6.93003e-2 -6.93003e-2
3.33333e-1 7.27273e-1 -6.5386e-2 -6.5386e-2
3.33333e-1 7.57576e-1 -6.07337e-2 -6.07337e-2
3.33333e-1 7.87879e-1 -5.54136e-2 -5.54136e-2
3.33333e-1 8.18182e-1 -4.95337e-2 -4.95337e-2
3.33333e-1 8.48485e-1 -4.32365e-2 -4.32365e-2
3.33333e-1 8.78788e-1 -3.67097e-2 -3.67097e-2
3.33333e-1 9.09091e-1 -3.0144e-2 -3.0144e-2
3.33333e-1 9.39394e-1 -2.38474e-2 -2.38474e-2
3.33333e-1 9.69697e-1 -1.70815e-2 -1.70815e-2

3.63636e-1 3.0303e-2 -4.83264e-4 -4.83264e-4
3.63636e-1 6.06061e-2 -2.10885e-3 -2.10885e-3
3.63636e-1 9.09091e-2 -4.98228e-3 -4.98228e-3
3.63636e-1 1.21212e-1 -9.1381e-3 -9.1381e-3
3.63636e-1 1.51515e-1 -1.45425e-2 -1.45425e-2
3.63636e-1 1.81818e-1 -2.10574e-2 -2.10574e-2
3.63636e-1 2.12121e-1 -2.84067e-2 -2.84067e-2
3.63636e-1 2.42424e-1 -3.61956e-2 -3.61956e-2
3.63636e-1 2.72727e-1 -4.39865e-2 -4.39865e-2
3.63636e-1 3.0303e-1 -5.13953e-2 -5.13953e-2
3.63636e-1 3.33333e-1 -5.81547e-2 -5.81547e-2
3.63636e-1 3.63636e-1 -6.41206e-2 -6.41206e-2
3.63636e-1 3.93939e-1 -6.92391e-2 -6.92391e-2
3.63636e-1 4.24242e-1 -7.35051e-2 -7.35051e-2
3.63636e-1 4.54545e-1 -7.69319e-2 -7.69319e-2
3.63636e-1 4.84848e-1 -7.95333e-2 -7.95333e-2
3.63636e-1 5.15152e-1 -8.13181e-2 -8.13181e-2
3.63636e-1 5.45455e-1 -8.22891e-2 -8.22891e-2
3.63636e-1 5.75758e-1 -8.24446e-2 -8.24446e-2
3.63636e-1 6.06061e-1 -8.17792e-2 -8.17792e-2
3.63636e-1 6.36364e-1 -8.0286e-2 -8.0286e-2
3.63636e-1 6.66667e-1 -7.79579e-2 -7.79579e-2
3.63636e-1 6.9697e-1 -7.47912e-2 -7.47912e-2
3.63636e-1 7.27273e-1 -7.07912e-2 -7.07912e-2
3.63636e-1 7.57576e-1 -6.59816e-2 -6.59816e-2
3.63636e-1 7.87879e-1 -6.04133e-2 -6.04133e-2
3.63636e-1 8.18182e-1 -5.41769e-2 -5.41769e-2
3.63636e-1 8.48485e-1 -4.7403e-2 -4.7403e-2
3.63636e-1 8.78788e-1 -4.0273e-2 -4.0273e-2
3.63636e-1 9.09091e-1 -3.29841e-2 -3.29841e-2
3.63636e-1 9.39394e-1 -2.58456e-2 -2.58456e-2
3.63636e-1 9.69697e-1 -1.80213e-2 -1.80213e-2

3.93939e-1 3.0303e-2 -6.01009e-4 -6.01009e-4
3.93939e-1 6.06061e-2 -2.49338e-3 -2.49338e-3
3.93939e-1 9.09091e-2 -5.72676e-3 -5.72676e-3
3.93939e-1 1.21212e-1 -1.03157e-2 -1.03157e-2
3.93939e-1 1.51515e-1 -1.62188e-2 -1.62188e-2
3.93939e-1 1.81818e-1 -2.32718e-2 -2.32718e-2
3.93939e-1 2.12121e-1 -3.11488e-2 -3.11488e-2
3.93939e-1 2.42424e-1 -3.93983e-2 -3.93983e-2
3.93939e-1 2.72727e-1 -4.7543e-2 -4.7543e-2
3.93939e-1 3.0303e-1 -5.51921e-2 -5.51921e-2
3.93939e-1 3.33333e-1 -6.21006e-2 -6.21006e-2
3.93939e-1 3.63636e-1 -6.81594e-2 -6.81594e-2
3.93939e-1 3.93939e-1 -7.33464e-2 -7.33464e-2
3.93939e-1 4.24242e-1 -7.76769e-2 -7.76769e-2
3.93939e-1 4.54545e-1 -8.11728e-2 -8.11728e-2
3.93939e-1 4.84848e-1 -8.38489e-2 -8.38489e-2
3.93939e-1 5.15152e-1 -8.5711e-2 -8.5711e-2
3.93939e-1 5.45455e-1 -8.67577e-2 -8.67577e-2
3.93939e-1 5.75758e-1 -8.69831e-2 -8.69831e-2
3.93939e-1 6.06061e-1 -8.6378e-2 -8.6378e-2
3.93939e-1 6.36364e-1 -8.49306e-2 -8.49306e-2
3.93939e-1 6.66667e-1 -8.2628e-2 -8.2628e-2
3.93939e-1 6.9697e-1 -7.94575e-2 -7.94575e-2
3.93939e-1 7.27273e-1 -7.54121e-2 -7.54121e-2
3.93939e-1 7.57576e-1 -7.0499e-2 -7.0499e-2
3.93939e-1 7.87879e-1 -6.47506e-2 -6.47506e-2
3.93939e-1 8.18182e-1 -5.8239e-2 -5.8239e-2
3.93939e-1 8.48485e-1 -5.1081e-2 -5.1081e-2
3.93939e-1 8.78788e-1 -4.345e-2 -4.345e-2
3.93939e-1 9.09091e-1 -3.55475e-2 -3.55475e-2
3.93939e-1 9.39394e-1 -2.76747e-2 -2.76747e-2
3.93939e-1 9.69697e-1 -1.8881e-2 -1.8881e-2

4.24242e-1 3.0303e-2 -7.06669e-4 -7.06669e-4
4.24242e-1 6.06061e-2 -2.81417e-3 -2.81417e-3
4.24242e-1 9.09091e-2 -6.32377e-3 -6.32377e-3
4.24242e-1 1.21212e-1 -1.12475e-2 -1.12475e-2
4.24242e-1 1.51515e-1 -1.75457e-2 -1.75457e-2
4.24242e-1 1.81818e-1 -2.50303e-2 -2.50303e-2
4.24242e-1 2.12121e-1 -3.33281e-2 -3.33281e-2
4.24242e-1 2.42424e-1 -4.19368e-2 -4.19368e-2
4.24242e-1 2.72727e-1 -5.0347e-2 -5.0347e-2
4.24242e-1 3.0303e-1 -5.81672e-2 -5.81672e-2
4.24242e-1 3.33333e-1 -6.51777e-2 -6.51777e-2
4.24242e-1 3.63636e-1 -7.13033e-2 -7.13033e-2
4.24242e-1 3.93939e-1 -7.65486e-2 -7.65486e-2
4.24242e-1 4.24242e-1 -8.09435e-2 -8.09435e-2
4.24242e-1 4.54545e-1 -8.45136e-2 -8.45136e-2
4.24242e-1 4.84848e-1 -8.72714e-2 -8.72714e-2
4.24242e-1 5.15152e-1 -8.92181e-2 -8.92181e-2
4.24242e-1 5.45455e-1 -9.03477e-2 -9.03477e-2
4.24242e-1 5.75758e-1 -9.06504e-2 -9.06504e-2
4.24242e-1 6.06061e-1 -9.01139e-2 -9.01139e-2
4.24242e-1 6.36364e-1 -8.87235e-2 -8.87235e-2
4.24242e-1 6.66667e-1 -8.64621e-2 -8.64621e-2
4.24242e-1 6.9697e-1 -8.33106e-2 -8.33106e-2
4.24242e-1 7.27273e-1 -7.92527e-2 -7.92527e-2
4.24242e-1 7.57576e-1 -7.42819e-2 -7.42819e-2
4.24242e-1 7.87879e-1 -6.84141e-2 -6.84141e-2
4.24242e-1 8.18182e-1 -6.17035e-2 -6.17035e-2
4.24242e-1 8.48485e-1 -5.42523e-2 -5.42523e-2
4.24242e-1 8.78788e-1 -4.62239e-2 -4.62239e-2
4.24242e-1 9.09091e-1 -3.78226e-2 -3.78226e-2
4.24242e-1 9.39394e-1 -2.93318e-2 -2.93318e-2
4.24242e-1 9.69697e-1 -1.96704e-2 -1.96704e-2

4.54545e-1 3.0303e-2 -7.86142e-4 -7.86142e-4
4.54545e-1 6.06061e-2 -3.03266e-3 -3.03266e-3
4.54545e-1 9.09091e-2 -6.7131e-3 -6.7131e-3
4.54545e-1 1.21212e-1 -1.18563e-2 -1.18563e-2
4.54545e-1 1.51515e-1 -1.84322e-2 -1.84322e-2
4.54545e-1 1.81818e-1 -2.62329e-2 -2.62329e-2
4.54545e-1 2.12121e-1 -3.48452e-2 -3.48452e-2
4.54545e-1 2.42424e-1 -4.37234e-2 -4.37234e-2
4.54545e-1 2.72727e-1 -5.23311e-2 -5.23311e-2
4.54545e-1 3.0303e-1 -6.02772e-2 -6.02772e-2
4.54545e-1 3.33333e-1 -6.73651e-2 -6.73651e-2
4.54545e-1 3.63636e-1 -7.35486e-2 -7.35486e-2
4.54545e-1 3.93939e-1 -7.88534e-2 -7.88534e-2
4.54545e-1 4.24242e-1 -8.33188e-2 -8.33188e-2
4.54545e-1 4.54545e-1 -8.69709e-2 -8.69709e-2
4.54545e-1 4.84848e-1 -8.98183e-2 -8.98183e-2
4.54545e-1 5.15152e-1 -9.18573e-2 -9.18573e-2
4.54545e-1 5.45455e-1 -9.30776e-2 -9.30776e-2
4.54545e-1 5.75758e-1 -9.34662e-2 -9.34662e-2
4.54545e-1 6.06061e-1 -9.30083e-2 -9.30083e-2
4.54545e-1 6.36364e-1 -9.16872e-2 -9.16872e-2
4.54545e-1 6.66667e-1 -8.94827e-2 -8.94827e-2
4.54545e-1 6.9697e-1 -8.63718e-2 -8.63718e-2
4.54545e-1 7.27273e-1 -8.2331e-2 -8.2331e-2
4.54545e-1 7.57576e-1 -7.73435e-2 -7.73435e-2
4.54545e-1 7.87879e-1 -7.14115e-2 -7.14115e-2
4.54545e-1 8.18182e-1 -6.45729e-2 -6.45729e-2
4.54545e-1 8.48485e-1 -5.69155e-2 -5.69155e-2
4.54545e-1 8.78788e-1 -4.85911e-2 -4.85911e-2
4.54545e-1 9.09091e-1 -3.98032e-2 -3.98032e-2
4.54545e-1 9.39394e-1 -3.08016e-2 -3.08016e-2
4.54545e-1 9.69697e-1 -2.03665e-2 -2.03665e-2

4.84848e-1 3.0303e-2 -8.25323e-4 -8.25323e-4
4.84848e-1 6.06061e-2 -3.1156e-3 -3.1156e-3
4.84848e-1 9.09091e-2 -6.84685e-3 -6.84685e-3
4.84848e-1 1.21212e-1 -1.20821e-2 -1.20821e-2
4.84848e-1 1.51515e-1 -1.88074e-2 -1.88074e-2
4.84848e-1 1.81818e-1 -2.68029e-2 -2.68029e-2
4.84848e-1 2.12121e-1 -3.56261e-2 -3.56261e-2
4.84848e-1 2.42424e-1 -4.46966e-2 -4.46966e-2
4.84848e-1 2.72727e-1 -5.34525e-2 -5.34525e-2
4.84848e-1 3.0303e-1 -6.14992e-2 -6.14992e-2
4.84848e-1 3.33333e-1 -6.86564e-2 -6.86564e-2
4.84848e-1 3.63636e-1 -7.48994e-2 -7.48994e-2
4.84848e-1 3.93939e-1 -8.02696e-2 -8.02696e-2
4.84848e-1 4.24242e-1 -8.48126e-2 -8.48126e-2
4.84848e-1 4.54545e-1 -8.85538e-2 -8.85538e-2
4.84848e-1 4.84848e-1 -9.1498e-2 -9.1498e-2
4.84848e-1 5.15152e-1 -9.36369e-2 -9.36369e-2
4.84848e-1 5.45455e-1 -9.49566e-2 -9.49566e-2
4.84848e-1 5.75758e-1 -9.54415e-2 -9.54415e-2
4.84848e-1 6.06061e-1 -9.50749e-2 -9.50749e-2
4.84848e-1 6.36364e-1 -9.38381e-2 -9.38381e-2
4.84848e-1 6.66667e-1 -9.17092e-2 -9.17092e-2
4.84848e-1 6.9697e-1 -8.86621e-2 -8.86621e-2
4.84848e-1 7.27273e-1 -8.46684e-2 -8.46684e-2
4.84848e-1 7.57576e-1 -7.9704e-2 -7.9704e-2
4.84848e-1 7.87879e-1 -7.37599e-2 -7.37599e-2
4.84848e-1 8.18182e-1 -6.68608e-2 -6.68608e-2
4.84848e-1 8.48485e-1 -5.9081e-2 -5.9081e-2
4.84848e-1 8.78788e-1 -5.05607e-2 -5.05607e-2
4.84848e-1 9.09091e-1 -4.14997e-2 -4.14997e-2
4.84848e-1 9.39394e-1 -3.21024e-2 -3.21024e-2
4.84848e-1 9.69697e-1 -2.0999e-2 -2.0999e-2

5.15152e-1 3.0303e-2 -8.12615e-4 -8.12615e-4
5.15152e-1 6.06061e-2 -3.03995e-3 -3.03995e-3
5.15152e-1 9.09091e-2 -6.69435e-3 -6.69435e-3
5.15152e-1 1.21212e-1 -1.18862e-2 -1.18862e-2
5.15152e-1 1.51515e-1 -1.86238e-2 -1.86238e-2
5.15152e-1 1.81818e-1 -2.66873e-2 -2.66873e-2
5.15152e-1 2.12121e-1 -3.56195e-2 -3.56195e-2
5.15152e-1 2.42424e-1 -4.48142e-2 -4.48142e-2
5.15152e-1 2.72727e-1 -5.36835e-2 -5.36835e-2
5.15152e-1 3.0303e-1 -6.18205e-2 -6.18205e-2
5.15152e-1 3.33333e-1 -6.90497e-2 -6.90497e-2
5.15152e-1 3.63636e-1 -7.53596e-2 -7.53596e-2
5.15152e-1 3.93939e-1 -8.08024e-2 -8.08024e-2
5.15152e-1 4.24242e-1 -8.54289e-2 -8.54289e-2
5.15152e-1 4.54545e-1 -8.92645e-2 -8.92645e-2
5.15152e-1 4.84848e-1 -9.2311e-2 -9.2311e-2
5.15152e-1 5.15152e-1 -9.45571e-2 -9.45571e-2
5.15152e-1 5.45455e-1 -9.59858e-2 -9.59858e-2
5.15152e-1 5.75758e-1 -9.65794e-2 -9.65794e-2
5.15152e-1 6.06061e-1 -9.63195e-2 -9.63195e-2
5.15152e-1 6.36364e-1 -9.51859e-2 -9.51859e-2
5.15152e-1 6.66667e-1 -9.31549e-2 -9.31549e-2
5.15152e-1 6.9697e-1 -9.01983e-2 -9.01983e-2
5.15152e-1 7.27273e-1 -8.62845e-2 -8.62845e-2
5.15152e-1 7.57576e-1 -8.13838e-2 -8.13838e-2
5.15152e-1 7.87879e-1 -7.54797e-2 -7.54797e-2
5.15152e-1 8.18182e-1 -6.85858e-2 -6.85858e-2
5.15152e-1 8.48485e-1 -6.07646e-2 -6.07646e-2
5.15152e-1 8.78788e-1 -5.21441e-2 -5.21441e-2
5.15152e-1 9.09091e-1 -4.29136e-2 -4.29136e-2
5.15152e-1 9.39394e-1 -3.3214e-2 -3.3214e-2
5.15152e-1 9.69697e-1 -2.15277e-2 -2.15277e-2

5.45455e-1 3.0303e-2 -7.41552e-4 -7.41552e-4
5.45455e-1 6.06061e-2 -2.79689e-3 -2.79689e-3
5.45455e-1 9.09091e-2 -6.24617e-3 -6.24617e-3
5.45455e-1 1.21212e-1 -1.12548e-2 -1.12548e-2
5.45455e-1 1.51515e-1 -1.78605e-2 -1.78605e-2
5.45455e-1 1.81818e-1 -2.58586e-2 -2.58586e-2
5.45455e-1 2.12121e-1 -3.47948e-2 -3.47948e-2
5.45455e-1 2.42424e-1 -4.40486e-2 -4.40486e-2
5.45455e-1 2.72727e-1 -5.30046e-2 -5.30046e-2
5.45455e-1 3.0303e-1 -6.12311e-2 -6.12311e-2
5.45455e-1 3.33333e-1 -6.85424e-2 -6.85424e-2
5.45455e-1 3.63636e-1 -7.49299e-2 -7.49299e-2
5.45455e-1 3.93939e-1 -8.04528e-2 -8.04528e-2
5.45455e-1 4.24242e-1 -8.5167e-2 -8.5167e-2
5.45455e-1 4.54545e-1 -8.91001e-2 -8.91001e-2
5.45455e-1 4.84848e-1 -9.22533e-2 -9.22533e-2
5.45455e-1 5.15152e-1 -9.46132e-2 -9.46132e-2
5.45455e-1 5.45455e-1 -9.61612e-2 -9.61612e-2
5.45455e-1 5.75758e-1 -9.68774e-2 -9.68774e-2
5.45455e-1 6.06061e-1 -9.67421e-2 -9.67421e-2
5.45455e-1 6.36364e-1 -9.57336e-2 -9.57336e-2
5.45455e-1 6.66667e-1 -9.38266e-2 -9.38266e-2
5.45455e-1 6.9697e-1 -9.09913e-2 -9.09913e-2
5.45455e-1 7.27273e-1 -8.71938e-2 -8.71938e-2
5.45455e-1 7.57576e-1 -8.24008e-2 -8.24008e-2
5.45455e-1 7.87879e-1 -7.65905e-2 -7.65905e-2
5.45455e-1 8.18182e-1 -6.97684e-2 -6.97684e-2
5.45455e-1 8.48485e-1 -6.1987e-2 -6.1987e-2
5.45455e-1 8.78788e-1 -5.3363e-2 -5.3363e-2
5.45455e-1 9.09091e-1 -4.40722e-2 -4.40722e-2
5.45455e-1 9.39394e-1 -3.41805e-2 -3.41805e-2
5.45455e-1 9.69697e-1 -2.20148e-2 -2.20148e-2

5.75758e-1 3.0303e-2 -6.12979e-4 -6.12979e-4
5.75758e-1 6.06061e-2 -2.39477e-3 -2.39477e-3
5.75758e-1 9.09091e-2 -5.51715e-3 -5.51715e-3
5.75758e-1 1.21212e-1 -1.02034e-2 -1.02034e-2
5.75758e-1 1.51515e-1 -1.65273e-2 -1.65273e-2
5.75758e-1 1.81818e-1 -2.4317e-2 -2.4317e-2
5.75758e-1 2.12121e-1 -3.31427e-2 -3.31427e-2
5.75758e-1 2.42424e-1 -4.23845e-2 -4.23845e-2
5.75758e-1 2.72727e-1 -5.14001e-2 -5.14001e-2
5.75758e-1 3.0303e-1 -5.97192e-2 -5.97192e-2
5.75758e-1 3.33333e-1 -6.71278e-2 -6.71278e-2
5.75758e-1 3.63636e-1 -7.36071e-2 -7.36071e-2
5.75758e-1 3.93939e-1 -7.92184e-2 -7.92184e-2
5.75758e-1 4.24242e-1 -8.40238e-2 -8.40238e-2
5.75758e-1 4.54545e-1 -8.80559e-2 -8.80559e-2
5.75758e-1 4.84848e-1 -9.13187e-2 -9.13187e-2
5.75758e-1 5.15152e-1 -9.37986e-2 -9.37986e-2
5.75758e-1 5.45455e-1 -9.5476e-2 -9.5476e-2
5.75758e-1 5.75758e-1 -9.63299e-2 -9.63299e-2
5.75758e-1 6.06061e-1 -9.63388e-2 -9.63388e-2
5.75758e-1 6.36364e-1 -9.54797e-2 -9.54797e-2
5.75758e-1 6.66667e-1 -9.37261e-2 -9.37261e-2
5.75758e-1 6.9697e-1 -9.10466e-2 -9.10466e-2
5.75758e-1 7.27273e-1 -8.74058e-2 -8.74058e-2
5.75758e-1 7.57576e-1 -8.27684e-2 -8.27684e-2
5.75758e-1 7.87879e-1 -7.7109e-2 -7.7109e-2
5.75758e-1 8.18182e-1 -7.04271e-2 -7.04271e-2
5.75758e-1 8.48485e-1 -6.27664e-2 -6.27664e-2
5.75758e-1 8.78788e-1 -5.42307e-2 -5.42307e-2
5.75758e-1 9.09091e-1 -4.49715e-2 -4.49715e-2
5.75758e-1 9.39394e-1 -3.49596e-2 -3.49596e-2
5.75758e-1 9.69697e-1 -2.23827e-2 -2.23827e-2

6.06061e-1 3.0303e-2 -4.3626e-4 -4.3626e-4
6.06061e-1 6.06061e-2 -1.86035e-3 -1.86035e-3
6.06061e-1 9.09091e-2 -4.54846e-3 -4.54846e-3
6.06061e-1 1.21212e-1 -8.77954e-3 -8.77954e-3
6.06061e-1 1.51515e-1 -1.46693e-2 -1.46693e-2
6.06061e-1 1.81818e-1 -2.20961e-2 -2.20961e-2
6.06061e-1 2.12121e-1 -3.06793e-2 -3.06793e-2
6.06061e-1 2.42424e-1 -3.98208e-2 -3.98208e-2
6.06061e-1 2.72727e-1 -4.8858e-2 -4.8858e-2
6.06061e-1 3.0303e-1 -5.727e-2 -5.727e-2
6.06061e-1 3.33333e-1 -6.47936e-2 -6.47936e-2
6.06061e-1 3.63636e-1 -7.13831e-2 -7.13831e-2
6.06061e-1 3.93939e-1 -7.70942e-2 -7.70942e-2
6.06061e-1 4.24242e-1 -8.19952e-2 -8.19952e-2
6.06061e-1 4.54545e-1 -8.61275e-2 -8.61275e-2
6.06061e-1 4.84848e-1 -8.95012e-2 -8.95012e-2
6.06061e-1 5.15152e-1 -9.2106e-2 -9.2106e-2
6.06061e-1 5.45455e-1 -9.39225e-2 -9.39225e-2
6.06061e-1 5.75758e-1 -9.49287e-2 -9.49287e-2
6.06061e-1 6.06061e-1 -9.51022e-2 -9.51022e-2
6.06061e-1 6.36364e-1 -9.44186e-2 -9.44186e-2
6.06061e-1 6.66667e-1 -9.28502e-2 -9.28502e-2
6.06061e-1 6.9697e-1 -9.03645e-2 -9.03645e-2
6.06061e-1 7.27273e-1 -8.69251e-2 -8.69251e-2
6.06061e-1 7.57576e-1 -8.24958e-2 -8.24958e-2
6.06061e-1 7.87879e-1 -7.7049e-2 -7.7049e-2
6.06061e-1 8.18182e-1 -7.05803e-2 -7.05803e-2
6.06061e-1 8.48485e-1 -6.31258e-2 -6.31258e-2
6.06061e-1 8.78788e-1 -5.47771e-2 -5.47771e-2
6.06061e-1 9.09091e-1 -4.56567e-2 -4.56567e-2
6.06061e-1 9.39394e-1 -3.56344e-2 -3.56344e-2
6.06061e-1 9.69697e-1 -2.27495e-2 -2.27495e-2

6.36364e-1 3.0303e-2 -2.29041e-4 -2.29041e-4
6.36364e-1 6.06061e-2 -1.23808e-3 -1.23808e-3
6.36364e-1 9.09091e-2 -3.40771e-3 -3.40771e-3
6.36364e-1 1.21212e-1 -7.06579e-3 -7.06579e-3
6.36364e-1 1.51515e-1 -1.23724e-2 -1.23724e-2
6.36364e-1 1.81818e-1 -1.92708e-2 -1.92708e-2
6.36364e-1 2.12121e-1 -2.74553e-2 -2.74553e-2
6.36364e-1 2.42424e-1 -3.63782e-2 -3.63782e-2
6.36364e-1 2.72727e-1 -4.53735e-2 -4.53735e-2
6.36364e-1 3.0303e-1 -5.38652e-2 -5.38652e-2
6.36364e-1 3.33333e-1 -6.15198e-2 -6.15198e-2
6.36364e-1 3.63636e-1 -6.82426e-2 -6.82426e-2
6.36364e-1 3.93939e-1 -7.40712e-2 -7.40712e-2
6.36364e-1 4.24242e-1 -7.90764e-2 -7.90764e-2
6.36364e-1 4.54545e-1 -8.33111e-2 -8.33111e-2
6.36364e-1 4.84848e-1 -8.67966e-2 -8.67966e-2
6.36364e-1 5.15152e-1 -8.95292e-2 -8.95292e-2
6.36364e-1 5.45455e-1 -9.14924e-2 -9.14924e-2
6.36364e-1 5.75758e-1 -9.26648e-2 -9.26648e-2
6.36364e-1 6.06061e-1 -9.30231e-2 -9.30231e-2
6.36364e-1 6.36364e-1 -9.25417e-2 -9.25417e-2
6.36364e-1 6.66667e-1 -9.1192e-2 -9.1192e-2
6.36364e-1 6.9697e-1 -8.8941e-2 -8.8941e-2
6.36364e-1 7.27273e-1 -8.57519e-2 -8.57519e-2
6.36364e-1 7.57576e-1 -8.1588e-2 -8.1588e-2
6.36364e-1 7.87879e-1 -7.64207e-2 -7.64207e-2
6.36364e-1 8.18182e-1 -7.02419e-2 -7.02419e-2
6.36364e-1 8.48485e-1 -6.30798e-2 -6.30798e-2
6.36364e-1 8.78788e-1 -5.50082e-2 -5.50082e-2
6.36364e-1 9.09091e-1 -4.61035e-2 -4.61035e-2
6.36364e-1 9.39394e-1 -3.61135e-2 -3.61135e-2
6.36364e-1 9.69697e-1 -2.29642e-2 -2.29642e-2

6.66667e-1 3.0303e-2 -1.52136e-5 -1.52136e-5
6.66667e-1 6.06061e-2 -5.86544e-4 -5.86544e-4
6.66667e-1 9.09091e-2 -2.186e-3 -2.186e-3
6.66667e-1 1.21212e-1 -5.17912e-3 -5.17912e-3
6.66667e-1 1.51515e-1 -9.76713e-3 -9.76713e-3
6.66667e-1 1.81818e-1 -1.59665e-2 -1.59665e-2
6.66667e-1 2.12121e-1 -2.35693e-2 -2.35693e-2
6.66667e-1 2.42424e-1 -3.21137e-2 -3.21137e-2
6.66667e-1 2.72727e-1 -4.09608e-2 -4.09608e-2
6.66667e-1 3.0303e-1 -4.94887e-2 -4.94887e-2
6.66667e-1 3.33333e-1 -5.72782e-2 -5.72782e-2
6.66667e-1 3.63636e-1 -6.41596e-2 -6.41596e-2
6.66667e-1 3.93939e-1 -7.01317e-2 -7.01317e-2
6.66667e-1 4.24242e-1 -7.52585e-2 -7.52585e-2
6.66667e-1 4.54545e-1 -7.96033e-2 -7.96033e-2
6.66667e-1 4.84848e-1 -8.32024e-2 -8.32024e-2
6.66667e-1 5.15152e-1 -8.60644e-2 -8.60644e-2
6.66667e-1 5.45455e-1 -8.81798e-2 -8.81798e-2
6.66667e-1 5.75758e-1 -8.95297e-2 -8.95297e-2
6.66667e-1 6.06061e-1 -9.00912e-2 -9.00912e-2
6.66667e-1 6.36364e-1 -8.98386e-2 -8.98386e-2
6.66667e-1 6.66667e-1 -8.87425e-2 -8.87425e-2
6.66667e-1 6.9697e-1 -8.67697e-2 -8.67697e-2
6.66667e-1 7.27273e-1 -8.38836e-2 -8.38836e-2
6.66667e-1 7.57576e-1 -8.0048e-2 -8.0048e-2
6.66667e-1 7.87879e-1 -7.52333e-2 -7.52333e-2
6.66667e-1 8.18182e-1 -6.94288e-2 -6.94288e-2
6.66667e-1 8.48485e-1 -6.26544e-2 -6.26544e-2
6.66667e-1 8.78788e-1 -5.49646e-2 -5.49646e-2
6.66667e-1 9.09091e-1 -4.63867e-2 -4.63867e-2
6.66667e-1 9.39394e-1 -3.65495e-2 -3.65495e-2
6.66667e-1 9.69697e-1 -2.3247e-2 -2.3247e-2

6.9697e-1 3.0303e-2 1.78962e-4 1.78962e-4
6.9697e-1 6.06061e-2 2.84311e-5 2.84311e-5
6.9697e-1 9.09091e-2 -9.9026e-4 -9.9026e-4
6.9697e-1 1.21212e-1 -3.26515e-3 -3.26515e-3
6.9697e-1 1.51515e-1 -7.02825e-3 -7.02825e-3
6.9697e-1 1.81818e-1 -1.23663e-2 -1.23663e-2
6.9697e-1 2.12121e-1 -1.91841e-2 -1.91841e-2
6.9697e-1 2.42424e-1 -2.71418e-2 -2.71418e-2
6.9697e-1 2.72727e-1 -3.56732e-2 -3.56732e-2
6.9697e-1 3.0303e-1 -4.414e-2 -4.414e-2
6.9697e-1 3.33333e-1 -5.20362e-2 -5.20362e-2
6.9697e-1 3.63636e-1 -5.90931e-2 -5.90931e-2
6.9697e-1 3.93939e-1 -6.52422e-2 -6.52422e-2
6.9697e-1 4.24242e-1 -7.0521e-2 -7.0521e-2
6.9697e-1 4.54545e-1 -7.49951e-2 -7.49951e-2
6.9697e-1 4.84848e-1 -7.87166e-2 -7.87166e-2
6.9697e-1 5.15152e-1 -8.17114e-2 -8.17114e-2
6.9697e-1 5.45455e-1 -8.39825e-2 -8.39825e-2
6.9697e-1 5.75758e-1 -8.55183e-2 -8.55183e-2
6.9697e-1 6.06061e-1 -8.62992e-2 -8.62992e-2
6.9697e-1 6.36364e-1 -8.63003e-2 -8.63003e-2
6.9697e-1 6.66667e-1 -8.54926e-2 -8.54926e-2
6.9697e-1 6.9697e-1 -8.38435e-2 -8.38435e-2
6.9697e-1 7.27273e-1 -8.13167e-2 -8.13167e-2
6.9697e-1 7.57576e-1 -7.78765e-2 -7.78765e-2
6.9697e-1 7.87879e-1 -7.34928e-2 -7.34928e-2
6.9697e-1 8.18182e-1 -6.81502e-2 -6.81502e-2
6.9697e-1 8.48485e-1 -6.18561e-2 -6.18561e-2
6.9697e-1 8.78788e-1 -5.46338e-2 -5.46338e-2
6.9697e-1 9.09091e-1 -4.64368e-2 -4.64368e-2
6.9697e-1 9.39394e-1 -3.6753e-2 -3.6753e-2
6.9697e-1 9.69697e-1 -2.33062e-2 -2.33062e-2

7.27273e-1 3.0303e-2 3.30049e-4 3.30049e-4
7.27273e-1 6.06061e-2 5.43791e-4 5.43791e-4
7.27273e-1 9.09091e-2 6.97525e-5 6.97525e-5
7.27273e-1 1.21212e-1 -1.48449e-3 -1.48449e-3
7.27273e-1 1.51515e-1 -4.36469e-3 -4.36469e-3
7.27273e-1 1.81818e-1 -8.71139e-3 -8.71139e-3
7.27273e-1 2.12121e-1 -1.45406e-2 -1.45406e-2
7.27273e-1 2.42424e-1 -2.16622e-2 -2.16622e-2
7.27273e-1 2.72727e-1 -2.96365e-2 -2.96365e-2
7.27273e-1 3.0303e-1 -3.78633e-2 -3.78633e-2
7.27273e-1 3.33333e-1 -4.57743e-2 -4.57743e-2
7.27273e-1 3.63636e-1 -5.29899e-2 -5.29899e-2
7.27273e-1 3.93939e-1 -5.93444e-2 -5.93444e-2
7.27273e-1 4.24242e-1 -6.48181e-2 -6.48181e-2
7.27273e-1 4.54545e-1 -6.94592e-2 -6.94592e-2
7.27273e-1 4.84848e-1 -7.33279e-2 -7.33279e-2
7.27273e-1 5.15152e-1 -7.64685e-2 -7.64685e-2
7.27273e-1 5.45455e-1 -7.89025e-2 -7.89025e-2
7.27273e-1 5.75758e-1 -8.06321e-2 -8.06321e-2
7.27273e-1 6.06061e-1 -8.16458e-2 -8.16458e-2
7.27273e-1 6.36364e-1 -8.19234e-2 -8.19234e-2
7.27273e-1 6.66667e-1 -8.14382e-2 -8.14382e-2
7.27273e-1 6.9697e-1 -8.01588e-2 -8.01588e-2
7.27273e-1 7.27273e-1 -7.80503e-2 -7.80503e-2
7.27273e-1 7.57576e-1 -7.50775e-2 -7.50775e-2
7.27273e-1 7.87879e-1 -7.12091e-2 -7.12091e-2
7.27273e-1 8.18182e-1 -6.64244e-2 -6.64244e-2
7.27273e-1 8.48485e-1 -6.07163e-2 -6.07163e-2
7.27273e-1 8.78788e-1 -5.40742e-2 -5.40742e-2
7.27273e-1 9.09091e-1 -4.63817e-2 -4.63817e-2
7.27273e-1 9.39394e-1 -3.70049e-2 -3.70049e-2
7.27273e-1 9.69697e-1 -2.35509e-2 -2.35509e-2

7.57576e-1 3.0303e-2 4.22646e-4 4.22646e-4
7.57576e-1 6.06061e-2 9.10891e-4 9.10891e-4
7.57576e-1 9.09091e-2 8.9915e-4 8.9915e-4
7.57576e-1 1.21212e-1 9.6145e-6 9.6145e-6
7.57576e-1 1.51515e-1 -1.99663e-3 -1.99663e-3
7.57576e-1 1.81818e-1 -5.28521e-3 -5.28521e-3
7.57576e-1 2.12121e-1 -9.95909e-3 -9.95909e-3
7.57576e-1 2.42424e-1 -1.59832e-2 -1.59832e-2
7.57576e-1 2.72727e-1 -2.30921e-2 -2.30921e-2
7.57576e-1 3.0303e-1 -3.0797e-2 -3.0797e-2
7.57576e-1 3.33333e-1 -3.85264e-2 -3.85264e-2
7.57576e-1 3.63636e-1 -4.5807e-2 -4.5807e-2
7.57576e-1 3.93939e-1 -5.23561e-2 -5.23561e-2
7.57576e-1 4.24242e-1 -5.8063e-2 -5.8063e-2
7.57576e-1 4.54545e-1 -6.29261e-2 -6.29261e-2
7.57576e-1 4.84848e-1 -6.6992e-2 -6.6992e-2
7.57576e-1 5.15152e-1 -7.03148e-2 -7.03148e-2
7.57576e-1 5.45455e-1 -7.2935e-2 -7.2935e-2
7.57576e-1 5.75758e-1 -7.48744e-2 -7.48744e-2
7.57576e-1 6.06061e-1 -7.6137e-2 -7.6137e-2
7.57576e-1 6.36364e-1 -7.67131e-2 -7.67131e-2
7.57576e-1 6.66667e-1 -7.65827e-2 -7.65827e-2
7.57576e-1 6.9697e-1 -7.57182e-2 -7.57182e-2
7.57576e-1 7.27273e-1 -7.40869e-2 -7.40869e-2
7.57576e-1 7.57576e-1 -7.1654e-2 -7.1654e-2
7.57576e-1 7.87879e-1 -6.83854e-2 -6.83854e-2
7.57576e-1 8.18182e-1 -6.42507e-2 -6.42507e-2
7.57576e-1 8.48485e-1 -5.92188e-2 -5.92188e-2
7.57576e-1 8.78788e-1 -5.32262e-2 -5.32262e-2
7.57576e-1 9.09091e-1 -4.60533e-2 -4.60533e-2
7.57576e-1 9.39394e-1 -3.69186e-2 -3.69186e-2
7.57576e-1 9.69697e-1 -2.34203e-2 -2.34203e-2

7.87879e-1 3.0303e-2 4.52756e-4 4.52756e-4
7.87879e-1 6.06061e-2 1.1055e-3 1.1055e-3
7.87879e-1 9.09091e-2 1.43635e-3 1.43635e-3
7.87879e-1 1.21212e-1 1.09953e-3 1.09953e-3
7.87879e-1 1.51515e-1 -1.18561e-4 -1.18561e-4
7.87879e-1 1.81818e-1 -2.3749e-3 -2.3749e-3
7.87879e-1 2.12121e-1 -5.81382e-3 -5.81382e-3
7.87879e-1 2.42424e-1 -1.0525e-2 -1.0525e-2
7.87879e-1 2.72727e-1 -1.64359e-2 -1.64359e-2
7.87879e-1 3.0303e-1 -2.32411e-2 -2.32411e-2
7.87879e-1 3.33333e-1 -3.04561e-2 -3.04561e-2
7.87879e-1 3.63636e-1 -3.75741e-2 -3.75741e-2
7.87879e-1 3.93939e-1 -4.42073e-2 -4.42073e-2
7.87879e-1 4.24242e-1 -5.01319e-2 -5.01319e-2
7.87879e-1 4.54545e-1 -5.52606e-2 -5.52606e-2
7.87879e-1 4.84848e-1 -5.9592e-2 -5.9592e-2
7.87879e-1 5.15152e-1 -6.31656e-2 -6.31656e-2
7.87879e-1 5.45455e-1 -6.60292e-2 -6.60292e-2
7.87879e-1 5.75758e-1 -6.82218e-2 -6.82218e-2
7.87879e-1 6.06061e-1 -6.97675e-2 -6.97675e-2
7.87879e-1 6.36364e-1 -7.06738e-2 -7.06738e-2
7.87879e-1 6.66667e-1 -7.09342e-2 -7.09342e-2
7.87879e-1 6.9697e-1 -7.05301e-2 -7.05301e-2
7.87879e-1 7.27273e-1 -6.94341e-2 -6.94341e-2
7.87879e-1 7.57576e-1 -6.76127e-2 -6.76127e-2
7.87879e-1 7.87879e-1 -6.50286e-2 -6.50286e-2
7.87879e-1 8.18182e-1 -6.16401e-2 -6.16401e-2
7.87879e-1 8.48485e-1 -5.73906e-2 -5.73906e-2
7.87879e-1 8.78788e-1 -5.21681e-2 -5.21681e-2
7.87879e-1 9.09091e-1 -4.56731e-2 -4.56731e-2
7.87879e-1 9.39394e-1 -3.70168e-2 -3.70168e-2
7.87879e-1 9.69697e-1 -2.36767e-2 -2.36767e-2

8.18182e-1 3.0303e-2 4.2772e-4 4.2772e-4
8.18182e-1 6.06061e-2 1.13214e-3 1.13214e-3
8.18182e-1 9.09091e-2 1.66581e-3 1.66581e-3
8.18182e-1 1.21212e-1 1.72881e-3 1.72881e-3
8.18182e-1 1.51515e-1 1.14395e-3 1.14395e-3
8.18182e-1 1.81818e-1 -2.10951e-4 -2.10951e-4
8.18182e-1 2.12121e-1 -2.46845e-3 -2.46845e-3
8.18182e-1 2.42424e-1 -5.77715e-3 -5.77715e-3
8.18182e-1 2.72727e-1 -1.0223e-2 -1.0223e-2
8.18182e-1 3.0303e-1 -1.57185e-2 -1.57185e-2
8.18182e-1 3.33333e-1 -2.19613e-2 -2.19613e-2
8.18182e-1 3.63636e-1 -2.85138e-2 -2.85138e-2
8.18182e-1 3.93939e-1 -3.49451e-2 -3.49451e-2
8.18182e-1 4.24242e-1 -4.09318e-2 -4.09318e-2
8.18182e-1 4.54545e-1 -4.62819e-2 -4.62819e-2
8.18182e-1 4.84848e-1 -5.09125e-2 -5.09125e-2
8.18182e-1 5.15152e-1 -5.48129e-2 -5.48129e-2
8.18182e-1 5.45455e-1 -5.80103e-2 -5.80103e-2
8.18182e-1 5.75758e-1 -6.05441e-2 -6.05441e-2
8.18182e-1 6.06061e-1 -6.24503e-2 -6.24503e-2
8.18182e-1 6.36364e-1 -6.37536e-2 -6.37536e-2
8.18182e-1 6.66667e-1 -6.44642e-2 -6.44642e-2
8.18182e-1 6.9697e-1 -6.45781e-2 -6.45781e-2
8.18182e-1 7.27273e-1 -6.40776e-2 -6.40776e-2
8.18182e-1 7.57576e-1 -6.29335e-2 -6.29335e-2
8.18182e-1 7.87879e-1 -6.11051e-2 -6.11051e-2
8.18182e-1 8.18182e-1 -5.85347e-2 -5.85347e-2
8.18182e-1 8.48485e-1 -5.51289e-2 -5.51289e-2
8.18182e-1 8.78788e-1 -5.07033e-2 -5.07033e-2
8.18182e-1 9.09091e-1 -4.48349e-2 -4.48349e-2
8.18182e-1 9.39394e-1 -3.64936e-2 -3.64936e-2
8.18182e-1 9.69697e-1 -2.32293e-2 -2.32293e-2

8.48485e-1 3.0303e-2 3.62572e-4 3.62572e-4
8.48485e-1 6.06061e-2 1.02017e-3 1.02017e-3
8.48485e-1 9.09091e-2 1.6187e-3 1.6187e-3
8.48485e-1 1.21212e-1 1.91338e-3 1.91338e-3
8.48485e-1 1.51515e-1 1.76602e-3 1.76602e-3
8.48485e-1 1.81818e-1 1.09775e-3 1.09775e-3
8.48485e-1 2.12121e-1 -1.7599e-4 -1.7599e-4
8.48485e-1 2.42424e-1 -2.18648e-3 -2.18648e-3
8.48485e-1 2.72727e-1 -5.08863e-3 -5.08863e-3
8.48485e-1 3.0303e-1 -8.97138e-3 -8.97138e-3
8.48485e-1 3.33333e-1 -1.37611e-2 -1.37611e-2
8.48485e-1 3.63636e-1 -1.92008e-2 -1.92008e-2
8.48485e-1 3.93939e-1 -2.49281e-2 -2.49281e-2
8.48485e-1 4.24242e-1 -3.05888e-2 -3.05888e-2
8.48485e-1 4.54545e-1 -3.59099e-2 -3.59099e-2
8.48485e-1 4.84848e-1 -4.07186e-2 -4.07186e-2
8.48485e-1 5.15152e-1 -4.49286e-2 -4.49286e-2
8.48485e-1 5.45455e-1 -4.85147e-2 -4.85147e-2
8.48485e-1 5.75758e-1 -5.14874e-2 -5.14874e-2
8.48485e-1 6.06061e-1 -5.38717e-2 -5.38717e-2
8.48485e-1 6.36364e-1 -5.56934e-2 -5.56934e-2
8.48485e-1 6.66667e-1 -5.69703e-2 -5.69703e-2
8.48485e-1 6.9697e-1 -5.77079e-2 -5.77079e-2
8.48485e-1 7.27273e-1 -5.78976e-2 -5.78976e-2
8.48485e-1 7.57576e-1 -5.75159e-2 -5.75159e-2
8.48485e-1 7.87879e-1 -5.65223e-2 -5.65223e-2
8.48485e-1 8.18182e-1 -5.48506e-2 -5.48506e-2
8.48485e-1 8.48485e-1 -5.23854e-2 -5.23854e-2
8.48485e-1 8.78788e-1 -4.8902e-2 -4.8902e-2
8.48485e-1 9.09091e-1 -4.39192e-2 -4.39192e-2
8.48485e-1 9.39394e-1 -3.63277e-2 -3.63277e-2
8.48485e-1 9.69697e-1 -2.35048e-2 -2.35048e-2

8.78788e-1 3.0303e-2 2.74614e-4 2.74614e-4
8.78788e-1 6.06061e-2 8.13317e-4 8.13317e-4
8.78788e-1 9.09091e-2 1.36069e-3 1.36069e-3
8.78788e-1 1.21212e-1 1.73166e-3 1.73166e-3
8.78788e-1 1.51515e-1 1.82477e-3 1.82477e-3
8.78788e-1 1.81818e-1 1.59701e-3 1.59701e-3
8.78788e-1 2.12121e-1 1.01512e-3 1.01512e-3
8.78788e-1 2.42424e-1 8.21408e-6 8.21408e-6
8.78788e-1 2.72727e-1 -1.54927e-3 -1.54927e-3
8.78788e-1 3.0303e-1 -3.80498e-3 -3.80498e-3
8.78788e-1 3.33333e-1 -6.85385e-3 -6.85385e-3
8.78788e-1 3.63636e-1 -1.06629e-2 -1.06629e-2
8.78788e-1 3.93939e-1 -1.50537e-2 -1.50537e-2
8.78788e-1 4.24242e-1 -1.97591e-2 -1.97591e-2
8.78788e-1 4.54545e-1 -2.45067e-2 -2.45067e-2
8.78788e-1 4.84848e-1 -2.9075e-2 -2.9075e-2
8.78788e-1 5.15152e-1 -3.33124e-2 -3.33124e-2
8.78788e-1 5.45455e-1 -3.71329e-2 -3.71329e-2
8.78788e-1 5.75758e-1 -4.04982e-2 -4.04982e-2
8.78788e-1 6.06061e-1 -4.33998e-2 -4.33998e-2
8.78788e-1 6.36364e-1 -4.58412e-2 -4.58412e-2
8.78788e-1 6.66667e-1 -4.7826e-2 -4.7826e-2
8.78788e-1 6.9697e-1 -4.93489e-2 -4.93489e-2
8.78788e-1 7.27273e-1 -5.03916e-2 -5.03916e-2
8.78788e-1 7.57576e-1 -5.092e-2 -5.092e-2
8.78788e-1 7.87879e-1 -5.08797e-2 -5.08797e-2
8.78788e-1 8.18182e-1 -5.01851e-2 -5.01851e-2
8.78788e-1 8.48485e-1 -4.8689e-2 -4.8689e-2
8.78788e-1 8.78788e-1 -4.6108e-2 -4.6108e-2
8.78788e-1 9.09091e-1 -4.186e-2 -4.186e-2
8.78788e-1 9.39394e-1 -3.47348e-2 -3.47348e-2
8.78788e-1 9.69697e-1 -2.23066e-2 -2.23066e-2

9.09091e-1 3.0303e-2 1.7927e-4 1.7927e-4
9.09091e-1 6.06061e-2 5.58479e-4 5.58479e-4
9.09091e-1 9.09091e-2 9.7428e-4 9.7428e-4
9.09091e-1 1.21212e-1 1.30083e-3 1.30083e-3
9.09091e-1 1.51515e-1 1.47024e-3 1.47024e-3
9.09091e-1 1.81818e-1 1.46306e-3 1.46306e-3
9.09091e-1 2.12121e-1 1.27801e-3 1.27801e-3
9.09091e-1 2.42424e-1 8.9669e-4 8.9669e-4
9.09091e-1 2.72727e-1 2.60444e-4 2.60444e-4
9.09091e-1 3.0303e-1 -7.29218e-4 -7.29218e-4
9.09091e-1 3.33333e-1 -2.18769e-3 -2.18769e-3
9.09091e-1 3.63636e-1 -4.20631e-3 -4.20631e-3
9.09091e-1 3.93939e-1 -6.80263e-3 -6.80263e-3
9.09091e-1 4.24242e-1 -9.89489e-3 -9.89489e-3
9.09091e-1 4.54545e-1 -1.33272e-2 -1.33272e-2
9.09091e-1 4.84848e-1 -1.69232e-2 -1.69232e-2
9.09091e-1 5.15152e-1 -2.0529e-2 -2.0529e-2
9.09091e-1 5.45455e-1 -2.40331e-2 -2.40331e-2
9.09091e-1 5.75758e-1 -2.73652e-2 -2.73652e-2
9.09091e-1 6.06061e-1 -3.04865e-2 -3.04865e-2
9.09091e-1 6.36364e-1 -3.33746e-2 -3.33746e-2
9.09091e-1 6.66667e-1 -3.60101e-2 -3.60101e-2
9.09091e-1 6.9697e-1 -3.83647e-2 -3.83647e-2
9.09091e-1 7.27273e-1 -4.03934e-2 -4.03934e-2
9.09091e-1 7.57576e-1 -4.20294e-2 -4.20294e-2
9.09091e-1 7.87879e-1 -4.31807e-2 -4.31807e-2
9.09091e-1 8.18182e-1 -4.37239e-2 -4.37239e-2
9.09091e-1 8.48485e-1 -4.34837e-2 -4.34837e-2
9.09091e-1 8.78788e-1 -4.21763e-2 -4.21763e-2
9.09091e-1 9.09091e-1 -3.92571e-2 -3.92571e-2
9.09091e-1 9.39394e-1 -3.35412e-2 -3.35412e-2
9.09091e-1 9.69697e-1 -2.23419e-2 -2.23419e-2

9.39394e-1 3.0303e-2 8.99809e-5 8.99809e-5
9.39394e-1 6.06061e-2 3.01462e-4 3.01462e-4
9.39394e-1 9.09091e-2 5.47866e-4 5.47866e-4
9.39394e-1 1.21212e-1 7.57427e-4 7.57427e-4
9.39394e-1 1.51515e-1 8.92425e-4 8.92425e-4
9.39394e-1 1.81818e-1 9.47087e-4 9.47087e-4
9.39394e-1 2.12121e-1 9.31348e-4 9.31348e-4
9.39394e-1 2.42424e-1 8.50282e-4 8.50282e-4
9.39394e-1 2.72727e-1 6.89153e-4 6.89153e-4
9.39394e-1 3.0303e-1 4.10363e-4 4.10363e-4
9.39394e-1 3.33333e-1 -3.9409e-5 -3.9409e-5
9.39394e-1 3.63636e-1 -7.19932e-4 -7.19932e-4
9.39394e-1 3.93939e-1 -1.68989e-3 -1.68989e-3
9.39394e-1 4.24242e-1 -2.99143e-3 -2.99143e-3
9.39394e-1 4.54545e-1 -4.62599e-3 -4.62599e-3
9.39394e-1 4.84848e-1 -6.55005e-3 -6.55005e-3
9.39394e-1 5.15152e-1 -8.69907e-3 -8.69907e-3
9.39394e-1 5.45455e-1 -1.10122e-2 -1.10122e-2
9.39394e-1 5.75758e-1 -1.34444e-2 -1.34444e-2
9.39394e-1 6.06061e-1 -1.5968e-2 -1.5968e-2
9.39394e-1 6.36364e-1 -1.85661e-2 -1.85661e-2
9.39394e-1 6.66667e-1 -2.12221e-2 -2.12221e-2
9.39394e-1 6.9697e-1 -2.39074e-2 -2.39074e-2
9.39394e-1 7.27273e-1 -2.65695e-2 -2.65695e-2
9.39394e-1 7.57576e-1 -2.91216e-2 -2.91216e-2
9.39394e-1 7.87879e-1 -3.1433e-2 -3.1433e-2
9.39394e-1 8.18182e-1 -3.33159e-2 -3.33159e-2
9.39394e-1 8.48485e-1 -3.44996e-2 -3.44996e-2
9.39394e-1 8.78788e-1 -3.45758e-2 -3.45758e-2
9.39394e-1 9.09091e-1 -3.28827e-2 -3.28827e-2
9.39394e-1 9.39394e-1 -2.82753e-2 -2.82753e-2
9.39394e-1 9.69697e-1 -1.86877e-2 -1.86877e-2

9.69697e-1 3.0303e-2 2.28449e-5 2.28449e-5
9.69697e-1 6.06061e-2 9.32427e-5 9.32427e-5
9.69697e-1 9.09091e-2 1.80515e-4 1.80515e-4
9.69697e-1 1.21212e-1 2.57744e-4 2.57744e-4
9.69697e-1 1.51515e-1 3.11946e-4 3.11946e-4
9.69697e-1 1.81818e-1 3.43511e-4 3.43511e-4
9.69697e-1 2.12121e-1 3.59817e-4 3.59817e-4
9.69697e-1 2.42424e-1 3.67394e-4 3.67394e-4
9.69697e-1 2.72727e-1 3.66368e-4 3.66368e-4
9.69697e-1 3.0303e-1 3.49265e-4 3.49265e-4
9.69697e-1 3.33333e-1 3.03261e-4 3.03261e-4
9.69697e-1 3.63636e-1 2.12919e-4 2.12919e-4
9.69697e-1 3.93939e-1 6.28122e-5 6.28122e-5
9.69697e-1 4.24242e-1 -1.57885e-4 -1.57885e-4
9.69697e-1 4.54545e-1 -4.55018e-4 -4.55018e-4
9.69697e-1 4.84848e-1 -8.39948e-4 -8.39948e-4
9.69697e-1 5.15152e-1 -1.33627e-3 -1.33627e-3
9.69697e-1 5.45455e-1 -1.97312e-3 -1.97312e-3
9.69697e-1 5.75758e-1 -2.77887e-3 -2.77887e-3
9.69697e-1 6.06061e-1 -3.78171e-3 -3.78171e-3
9.69697e-1 6.36364e-1 -5.01068e-3 -5.01068e-3
9.69697e-1 6.66667e-1 -6.49282e-3 -6.49282e-3
9.69697e-1 6.9697e-1 -8.24671e-3 -8.24671e-3
9.69697e-1 7.27273e-1 -1.02739e-2 -1.02739e-2
9.69697e-1 7.57576e-1 -1.25501e-2 -1.25501e-2
9.69697e-1 7.87879e-1 -1.50164e-2 -1.50164e-2
9.69697e-1 8.18182e-1 -1.75678e-2 -1.75678e-2
9.69697e-1 8.48485e-1 -2.00312e-2 -2.00312e-2
9.69697e-1 8.78788e-1 -2.21154e-2 -2.21154e-2
9.69697e-1 9.09091e-1 -2.32857e-2 -2.32857e-2
9.69697e-1 9.39394e-1 -2.24359e-2 -2.24359e-2
9.69697e-1 9.69697e-1 -1.69643e-2 -1.69643e-2
