7.75194e-3 7.75194e-3 2.19499e-3 2.19499e-3
7.75194e-3 1.55039e-2 2.84257e-3 2.84257e-3
7.75194e-3 2.32558e-2 3.51934e-3 3.51934e-3
7.75194e-3 3.10078e-2 3.96861e-3 3.96861e-3
7.75194e-3 3.87597e-2 3.89902e-3 3.89902e-3
7.75194e-3 4.65116e-2 3.05993e-3 3.05993e-3
7.75194e-3 5.42636e-2 1.25675e-3 1.25675e-3
7.75194e-3 6.20155e-2 -1.65345e-3 -1.65345e-3
7.75194e-3 6.97674e-2 -5.77141e-3 -5.77141e-3
7.75194e-3 7.75194e-2 -1.11652e-2 -1.11652e-2
7.75194e-3 8.52713e-2 -1.78781e-2 -1.78781e-2
7.75194e-3 9.30233e-2 -2.59354e-2 -2.59354e-2
7.75194e-3 1.00775e-1 -3.53487e-2 -3.53487e-2
7.75194e-3 1.08527e-1 -4.61197e-2 -4.61197e-2
7.75194e-3 1.16279e-1 -5.82431e-2 -5.82431e-2
7.75194e-3 1.24031e-1 -7.17081e-2 -7.17081e-2
7.75194e-3 1.31783e-1 -8.65005e-2 -8.65005e-2
7.75194e-3 1.39535e-1 -1.02603e-1 -1.02603e-1
7.75194e-3 1.47287e-1 -1.19996e-1 -1.19996e-1
7.75194e-3 1.55039e-1 -1.3866e-1 -1.3866e-1
7.75194e-3 1.62791e-1 -1.58572e-1 -1.58572e-1
7.75194e-3 1.70543e-1 -1.7971e-1 -1.7971e-1
7.75194e-3 1.78295e-1 -2.0205e-1 -2.0205e-1
7.75194e-3 1.86047e-1 -2.25569e-1 -2.25569e-1
7.75194e-3 1.93798e-1 -2.50242e-1 -2.50242e-1
7.75194e-3 2.0155e-1 -2.76043e-1 -2.76043e-1
7.75194e-3 2.09302e-1 -3.02946e-1 -3.02946e-1
7.75194e-3 2.17054e-1 -3.30927e-1 -3.30927e-1
7.75194e-3 2.24806e-1 -3.59956e-1 -3.59956e-1
7.75194e-3 2.32558e-1 -3.90008e-1 -3.90008e-1
7.75194e-3 2.4031e-1 -4.21052e-1 -4.21052e-1
7.75194e-3 2.48062e-1 -4.5306e-1 -4.5306e-1
7.75194e-3 2.55814e-1 -4.86001e-1 -4.86001e-1
7.75194e-3 2.63566e-1 -5.19845e-1 -5.19845e-1
7.75194e-3 2.71318e-1 -5.54559e-1 -5.54559e-1
7.75194e-3 2.7907e-1 -5.90109e-1 -5.90109e-1
7.75194e-3 2.86822e-1 -6.26462e-1 -6.26462e-1
7.75194e-3 2.94574e-1 -6.63582e-1 -6.63582e-1
7.75194e-3 3.02326e-1 -7.01434e-1 -7.01434e-1
7.75194e-3 3.10078e-1 -7.39978e-1 -7.39978e-1
7.75194e-3 3.17829e-1 -7.79178e-1 -7.79178e-1
7.75194e-3 3.25581e-1 -8.18992e-1 -8.18992e-1
7.75194e-3 3.33333e-1 -8.59381e-1 -8.59381e-1
7.75194e-3 3.41085e-1 -9.00303e-1 -9.00303e-1
7.75194e-3 3.48837e-1 -9.41715e-1 -9.41715e-1
7.75194e-3 3.56589e-1 -9.83574e-1 -9.83574e-1
7.75194e-3 3.64341e-1 -1.02583e0 -1.02583e0
7.75194e-3 3.72093e-1 -1.06845e0 -1.06845e0
7.75194e-3 3.79845e-1 -1.11138e0 -1.11138e0
7.75194e-3 3.87597e-1 -1.15458e0 -1.15458e0
7.75194e-3 3.95349e-1 -1.19799e0 -1.19799e0
7.75194e-3 4.03101e-1 -1.24158e0 -1.24158e0
7.75194e-3 4.10853e-1 -1.28529e0 -1.28529e0
7.75194e-3 4.18605e-1 -1.32908e0 -1.32908e0
7.75194e-3 4.26357e-1 -1.3729e0 -1.3729e0
7.75194e-3 4.34109e-1 -1.4167e0 -1.4167e0
7.75194e-3 4.4186e-1 -1.46045e0 -1.46045e0
7.75194e-3 4.49612e-1 -1.5041e0 -1.5041e0
7.75194e-3 4.57364e-1 -1.54759e0 -1.54759e0
7.75194e-3 4.65116e-1 -1.5909e0 -1.5909e0
7.75194e-3 4.72868e-1 -1.63398e0 -1.63398e0
7.75194e-3 4.8062e-1 -1.6768e0 -1.6768e0
7.75194e-3 4.88372e-1 -1.71931e0 -1.71931e0
7.75194e-3 4.96124e-1 -1.76149e0 -1.76149e0
7.75194e-3 5.03876e-1 -1.80331e0 -1.80331e0
7.75194e-3 5.11628e-1 -1.84473e0 -1.84473e0
7.75194e-3 5.1938e-1 -1.88575e0 -1.88575e0
7.75194e-3 5.27132e-1 -1.92633e0 -1.92633e0
7.75194e-3 5.34884e-1 -1.96648e0 -1.96648e0
7.75194e-3 5.42636e-1 -2.00617e0 -2.00617e0
7.75194e-3 5.50388e-1 -2.0454e0 -2.0454e0
7.75194e-3 5.5814e-1 -2.08419e0 -2.08419e0
7.75194e-3 5.65891e-1 -2.12254e0 -2.12254e0
7.75194e-3 5.73643e-1 -2.16048e0 -2.16048e0
7.75194e-3 5.81395e-1 -2.19801e0 -2.19801e0
7.75194e-3 5.89147e-1 -2.2352e0 -2.2352e0
7.75194e-3 5.96899e-1 -2.27207e0 -2.27207e0
7.75194e-3 6.04651e-1 -2.30868e0 -2.30868e0
7.75194e-3 6.12403e-1 -2.34511e0 -2.34511e0
7.75194e-3 6.20155e-1 -2.38144e0 -2.38144e0
7.75194e-3 6.27907e-1 -2.41776e0 -2.41776e0
7.75194e-3 6.35659e-1 -2.45418e0 -2.45418e0
7.75194e-3 6.43411e-1 -2.49084e0 -2.49084e0
7.75194e-3 6.51163e-1 -2.52787e0 -2.52787e0
7.75194e-3 6.58915e-1 -2.56546e0 -2.56546e0
7.75194e-3 6.66667e-1 -2.60378e0 -2.60378e0
7.75194e-3 6.74419e-1 -2.64307e0 -2.64307e0
7.75194e-3 6.82171e-1 -2.68357e0 -2.68357e0
7.75194e-3 6.89922e-1 -2.72555e0 -2.72555e0
7.75194e-3 6.97674e-1 -2.76934e0 -2.76934e0
7.75194e-3 7.05426e-1 -2.81529e0 -2.81529e0
7.75194e-3 7.13178e-1 -2.86381e0 -2.86381e0
7.75194e-3 7.2093e-1 -2.91534e0 -2.91534e0
7.75194e-3 7.28682e-1 -2.9704e0 -2.9704e0
7.75194e-3 7.36434e-1 -3.02957e0 -3.02957e0
7.75194e-3 7.44186e-1 -3.0935e0 -3.0935e0
7.75194e-3 7.51938e-1 -3.16293e0 -3.16293e0
7.75194e-3 7.5969e-1 -3.23868e0 -3.23868e0
7.75194e-3 7.67442e-1 -3.3217e0 -3.3217e0
7.75194e-3 7.75194e-1 -3.41306e0 -3.41306e0
7.75194e-3 7.82946e-1 -3.51396e0 -3.51396e0
7.75194e-3 7.90698e-1 -3.62579e0 -3.62579e0
7.75194e-3 7.9845e-1 -3.75009e0 -3.75009e0
7.75194e-3 8.06202e-1 -3.88867e0 -3.88867e0
7.75194e-3 8.13953e-1 -4.04356e0 -4.04356e0
7.75194e-3 8.21705e-1 -4.21709e0 -4.21709e0
7.75194e-3 8.29457e-1 -4.41195e0 -4.41195e0
7.75194e-3 8.37209e-1 -4.63121e0 -4.63121e0
7.75194e-3 8.44961e-1 -4.87844e0 -4.87844e0
7.75194e-3 8.52713e-1 -5.15776e0 -5.15776e0
7.75194e-3 8.60465e-1 -5.47393e0 -5.47393e0
7.75194e-3 8.68217e-1 -5.83248e0 -5.83248e0
7.75194e-3 8.75969e-1 -6.23982e0 -6.23982e0
7.75194e-3 8.83721e-1 -6.70334e0 -6.70334e0
7.75194e-3 8.91473e-1 -7.23148e0 -7.23148e0
7.75194e-3 8.99225e-1 -7.83367e0 -7.83367e0
7.75194e-3 9.06977e-1 -8.52003e0 -8.52003e0
7.75194e-3 9.14729e-1 -9.30049e0 -9.30049e0
7.75194e-3 9.22481e-1 -1.01827e1 -1.01827e1
7.75194e-3 9.30233e-1 -1.11675e1 -1.11675e1
7.75194e-3 9.37984e-1 -1.22389e1 -1.22389e1
7.75194e-3 9.45736e-1 -1.33434e1 -1.33434e1
7.75194e-3 9.53488e-1 -1.43425e1 -1.43425e1
7.75194e-3 9.6124e-1 -1.49049e1 -1.49049e1
7.75194e-3 9.68992e-1 -1.42348e1 -1.42348e1
7.75194e-3 9.76744e-1 -1.03292e1 -1.03292e1
7.75194e-3 9.84496e-1 2.27873e0 2.27873e0
7.75194e-3 9.92248e-1 3.97645e1 3.97645e1

1.55039e-2 7.75194e-3 2.84088e-3 2.84088e-3
1.55039e-2 1.55039e-2 1.48805e-3 1.48805e-3
1.55039e-2 2.32558e-2 1.31468e-4 1.31468e-4
1.55039e-2 3.10078e-2 -1.37498e-3 -1.37498e-3
1.55039e-2 3.87597e-2 -3.23494e-3 -3.23494e-3
1.55039e-2 4.65116e-2 -5.64948e-3 -5.64948e-3
1.55039e-2 5.42636e-2 -8.7924e-3 -8.7924e-3
1.55039e-2 6.20155e-2 -1.28038e-2 -1.28038e-2
1.55039e-2 6.97674e-2 -1.77915e-2 -1.77915e-2
1.55039e-2 7.75194e-2 -2.38356e-2 -2.38356e-2
1.55039e-2 8.52713e-2 -3.09935e-2 -3.09935e-2
1.55039e-2 9.30233e-2 -3.93044e-2 -3.93044e-2
1.55039e-2 1.00775e-1 -4.87935e-2 -4.87935e-2
1.55039e-2 1.08527e-1 -5.94749e-2 -5.94749e-2
1.55039e-2 1.16279e-1 -7.13543e-2 -7.13543e-2
1.55039e-2 1.24031e-1 -8.44309e-2 -8.44309e-2
1.55039e-2 1.31783e-1 -9.86989e-2 -9.86989e-2
1.55039e-2 1.39535e-1 -1.14149e-1 -1.14149e-1
1.55039e-2 1.47287e-1 -1.30768e-1 -1.30768e-1
1.55039e-2 1.55039e-1 -1.4854e-1 -1.4854e-1
1.55039e-2 1.62791e-1 -1.67451e-1 -1.67451e-1
1.55039e-2 1.70543e-1 -1.8748e-1 -1.8748e-1
1.55039e-2 1.78295e-1 -2.08609e-1 -2.08609e-1
1.55039e-2 1.86047e-1 -2.30818e-1 -2.30818e-1
1.55039e-2 1.93798e-1 -2.54084e-1 -2.54084e-1
1.55039e-2 2.0155e-1 -2.78385e-1 -2.78385e-1
1.55039e-2 2.09302e-1 -3.03698e-1 -3.03698e-1
1.55039e-2 2.17054e-1 -3.30001e-1 -3.30001e-1
1.55039e-2 2.24806e-1 -3.57266e-1 -3.57266e-1
1.55039e-2 2.32558e-1 -3.85471e-1 -3.85471e-1
1.55039e-2 2.4031e-1 -4.14588e-1 -4.14588e-1
1.55039e-2 2.48062e-1 -4.4459e-1 -4.4459e-1
1.55039e-2 2.55814e-1 -4.7545e-1 -4.7545e-1
1.55039e-2 2.63566e-1 -5.07139e-1 -5.07139e-1
1.55039e-2 2.71318e-1 -5.39627e-1 -5.39627e-1
1.55039e-2 2.7907e-1 -5.72884e-1 -5.72884e-1
1.55039e-2 2.86822e-1 -6.06878e-1 -6.06878e-1
1.55039e-2 2.94574e-1 -6.41577e-1 -6.41577e-1
1.55039e-2 3.02326e-1 -6.76948e-1 -6.76948e-1
1.55039e-2 3.10078e-1 -7.12957e-1 -7.12957e-1
1.55039e-2 3.17829e-1 -7.49568e-1 -7.49568e-1
1.55039e-2 3.25581e-1 -7.86746e-1 -7.86746e-1
1.55039e-2 3.33333e-1 -8.24453e-1 -8.24453e-1
1.55039e-2 3.41085e-1 -8.62651e-1 -8.62651e-1
1.55039e-2 3.48837e-1 -9.01303e-1 -9.01303e-1
1.55039e-2 3.56589e-1 -9.40368e-1 -9.40368e-1
1.55039e-2 3.64341e-1 -9.79807e-1 -9.79807e-1
1.55039e-2 3.72093e-1 -1.01958e0 -1.01958e0
1.55039e-2 3.79845e-1 -1.05964e0 -1.05964e0
1.55039e-2 3.87597e-1 -1.09996e0 -1.09996e0
1.55039e-2 3.95349e-1 -1.14048e0 -1.14048e0
1.55039e-2 4.03101e-1 -1.18117e0 -1.18117e0
1.55039e-2 4.10853e-1 -1.22199e0 -1.22199e0
1.55039e-2 4.18605e-1 -1.26289e0 -1.26289e0
1.55039e-2 4.26357e-1 -1.30383e0 -1.30383e0
1.55039e-2 4.34109e-1 -1.34477e0 -1.34477e0
1.55039e-2 4.4186e-1 -1.38567e0 -1.38567e0
1.55039e-2 4.49612e-1 -1.42649e0 -1.42649e0
1.55039e-2 4.57364e-1 -1.46719e0 -1.46719e0
1.55039e-2 4.65116e-1 -1.50774e0 -1.50774e0
1.55039e-2 4.72868e-1 -1.5481e0 -1.5481e0
1.55039e-2 4.8062e-1 -1.58824e0 -1.58824e0
1.55039e-2 4.88372e-1 -1.62812e0 -1.62812e0
1.55039e-2 4.96124e-1 -1.66772e0 -1.66772e0
1.55039e-2 5.03876e-1 -1.70701e0 -1.70701e0
1.55039e-2 5.11628e-1 -1.74596e0 -1.74596e0
1.55039e-2 5.1938e-1 -1.78456e0 -1.78456e0
1.55039e-2 5.27132e-1 -1.8228e0 -1.8228e0
1.55039e-2 5.34884e-1 -1.86065e0 -1.86065e0
1.55039e-2 5.42636e-1 -1.89812e0 -1.89812e0
1.55039e-2 5.50388e-1 -1.93519e0 -1.93519e0
1.55039e-2 5.5814e-1 -1.97189e0 -1.97189e0
1.55039e-2 5.65891e-1 -2.0082e0 -2.0082e0
1.55039e-2 5.73643e-1 -2.04417e0 -2.04417e0
1.55039e-2 5.81395e-1 -2.07979e0 -2.07979e0
1.55039e-2 5.89147e-1 -2.11512e0 -2.11512e0
1.55039e-2 5.96899e-1 -2.15019e0 -2.15019e0
1.55039e-2 6.04651e-1 -2.18505e0 -2.18505e0
1.55039e-2 6.12403e-1 -2.21976e0 -2.21976e0
1.55039e-2 6.20155e-1 -2.2544e0 -2.2544e0
1.55039e-2 6.27907e-1 -2.28905e0 -2.28905e0
1.55039e-2 6.35659e-1 -2.32381e0 -2.32381e0
1.55039e-2 6.43411e-1 -2.35879e0 -2.35879e0
1.55039e-2 6.51163e-1 -2.39414e0 -2.39414e0
1.55039e-2 6.58915e-1 -2.42999e0 -2.42999e0
1.55039e-2 6.66667e-1 -2.46652e0 -2.46652e0
1.55039e-2 6.74419e-1 -2.50392e0 -2.50392e0
1.55039e-2 6.82171e-1 -2.54241e0 -2.54241e0
1.55039e-2 6.89922e-1 -2.58224e0 -2.58224e0
1.55039e-2 6.97674e-1 -2.62367e0 -2.62367e0
1.55039e-2 7.05426e-1 -2.66701e0 -2.66701e0
1.55039e-2 7.13178e-1 -2.71262e0 -2.71262e0
1.55039e-2 7.2093e-1 -2.76088e0 -2.76088e0
1.55039e-2 7.28682e-1 -2.81223e0 -2.81223e0
1.55039e-2 7.36434e-1 -2.86714e0 -2.86714e0
1.55039e-2 7.44186e-1 -2.92617e0 -2.92617e0
1.55039e-2 7.51938e-1 -2.98991e0 -2.98991e0
1.55039e-2 7.5969e-1 -3.05905e0 -3.05905e0
1.55039e-2 7.67442e-1 -3.13434e0 -3.13434e0
1.55039e-2 7.75194e-1 -3.21664e0 -3.21664e0
1.55039e-2 7.82946e-1 -3.30687e0 -3.30687e0
1.55039e-2 7.90698e-1 -3.4061e0 -3.4061e0
1.55039e-2 7.9845e-1 -3.51549e0 -3.51549e0
1.55039e-2 8.06202e-1 -3.63636e0 -3.63636e0
1.55039e-2 8.13953e-1 -3.77016e0 -3.77016e0
1.55039e-2 8.21705e-1 -3.9185e0 -3.9185e0
1.55039e-2 8.29457e-1 -4.08317e0 -4.08317e0
1.55039e-2 8.37209e-1 -4.26612e0 -4.26612e0
1.55039e-2 8.44961e-1 -4.46952e0 -4.46952e0
1.55039e-2 8.52713e-1 -4.69567e0 -4.69567e0
1.55039e-2 8.60465e-1 -4.94704e0 -4.94704e0
1.55039e-2 8.68217e-1 -5.22614e0 -5.22614e0
1.55039e-2 8.75969e-1 -5.53544e0 -5.53544e0
1.55039e-2 8.83721e-1 -5.87704e0 -5.87704e0
1.55039e-2 8.91473e-1 -6.25225e0 -6.25225e0
1.55039e-2 8.99225e-1 -6.66071e0 -6.66071e0
1.55039e-2 9.06977e-1 -7.09892e0 -7.09892e0
1.55039e-2 9.14729e-1 -7.55751e0 -7.55751e0
1.55039e-2 9.22481e-1 -8.01639e0 -8.01639e0
1.55039e-2 9.30233e-1 -8.43585e0 -8.43585e0
1.55039e-2 9.37984e-1 -8.73994e0 -8.73994e0
1.55039e-2 9.45736e-1 -8.78457e0 -8.78457e0
1.55039e-2 9.53488e-1 -8.29453e0 -8.29453e0
1.55039e-2 9.6124e-1 -6.73459e0 -6.73459e0
1.55039e-2 9.68992e-1 -3.03853e0 -3.03853e0
1.55039e-2 9.76744e-1 4.95759e0 4.95759e0
1.55039e-2 9.84496e-1 2.15629e1 2.15629e1
1.55039e-2 9.92248e-1 5.4094e1 5.4094e1

2.32558e-2 7.75194e-3 3.51448e-3 3.51448e-3
2.32558e-2 1.55039e-2 1.37313e-4 1.37313e-4
2.32558e-2 2.32558e-2 -3.10657e-3 -3.10657e-3
2.32558e-2 3.10078e-2 -6.36507e-3 -6.36507e-3
2.32558e-2 3.87597e-2 -9.81425e-3 -9.81425e-3
2.32558e-2 4.65116e-2 -1.36303e-2 -1.36303e-2
2.32558e-2 5.42636e-2 -1.79727e-2 -1.79727e-2
2.32558e-2 6.20155e-2 -2.29773e-2 -2.29773e-2
2.32558e-2 6.97674e-2 -2.87546e-2 -2.87546e-2
2.32558e-2 7.75194e-2 -3.53918e-2 -3.53918e-2
2.32558e-2 8.52713e-2 -4.29558e-2 -4.29558e-2
2.32558e-2 9.30233e-2 -5.1496e-2 -5.1496e-2
2.32558e-2 1.00775e-1 -6.1048e-2 -6.1048e-2
2.32558e-2 1.08527e-1 -7.16358e-2 -7.16358e-2
2.32558e-2 1.16279e-1 -8.32744e-2 -8.32744e-2
2.32558e-2 1.24031e-1 -9.59712e-2 -9.59712e-2
2.32558e-2 1.31783e-1 -1.09728e-1 -1.09728e-1
2.32558e-2 1.39535e-1 -1.24542e-1 -1.24542e-1
2.32558e-2 1.47287e-1 -1.40406e-1 -1.40406e-1
2.32558e-2 1.55039e-1 -1.57311e-1 -1.57311e-1
2.32558e-2 1.62791e-1 -1.75245e-1 -1.75245e-1
2.32558e-2 1.70543e-1 -1.94193e-1 -1.94193e-1
2.32558e-2 1.78295e-1 -2.1414e-1 -2.1414e-1
2.32558e-2 1.86047e-1 -2.35069e-1 -2.35069e-1
2.32558e-2 1.93798e-1 -2.56961e-1 -2.56961e-1
2.32558e-2 2.0155e-1 -2.79797e-1 -2.79797e-1
2.32558e-2 2.09302e-1 -3.03556e-1 -3.03556e-1
2.32558e-2 2.17054e-1 -3.28218e-1 -3.28218e-1
2.32558e-2 2.24806e-1 -3.53761e-1 -3.53761e-1
2.32558e-2 2.32558e-1 -3.8016e-1 -3.8016e-1
2.32558e-2 2.4031e-1 -4.07393e-1 -4.07393e-1
2.32558e-2 2.48062e-1 -4.35435e-1 -4.35435e-1
2.32558e-2 2.55814e-1 -4.6426e-1 -4.6426e-1
2.32558e-2 2.63566e-1 -4.93843e-1 -4.93843e-1
2.32558e-2 2.71318e-1 -5.24156e-1 -5.24156e-1
2.32558e-2 2.7907e-1 -5.55172e-1 -5.55172e-1
2.32558e-2 2.86822e-1 -5.86862e-1 -5.86862e-1
2.32558e-2 2.94574e-1 -6.19197e-1 -6.19197e-1
2.32558e-2 3.02326e-1 -6.52146e-1 -6.52146e-1
2.32558e-2 3.10078e-1 -6.85678e-1 -6.85678e-1
2.32558e-2 3.17829e-1 -7.19762e-1 -7.19762e-1
2.32558e-2 3.25581e-1 -7.54364e-1 -7.54364e-1
2.32558e-2 3.33333e-1 -7.89453e-1 -7.89453e-1
2.32558e-2 3.41085e-1 -8.24993e-1 -8.24993e-1
2.32558e-2 3.48837e-1 -8.6095e-1 -8.6095e-1
2.32558e-2 3.56589e-1 -8.97288e-1 -8.97288e-1
2.32558e-2 3.64341e-1 -9.33973e-1 -9.33973e-1
2.32558e-2 3.72093e-1 -9.70967e-1 -9.70967e-1
2.32558e-2 3.79845e-1 -1.00823e0 -1.00823e0
2.32558e-2 3.87597e-1 -1.04574e0 -1.04574e0
2.32558e-2 3.95349e-1 -1.08344e0 -1.08344e0
2.32558e-2 4.03101e-1 -1.1213e0 -1.1213e0
2.32558e-2 4.10853e-1 -1.15929e0 -1.15929e0
2.32558e-2 4.18605e-1 -1.19736e0 -1.19736e0
2.32558e-2 4.26357e-1 -1.23549e0 -1.23549e0
2.32558e-2 4.34109e-1 -1.27362e0 -1.27362e0
2.32558e-2 4.4186e-1 -1.31174e0 -1.31174e0
2.32558e-2 4.49612e-1 -1.3498e0 -1.3498e0
2.32558e-2 4.57364e-1 -1.38777e0 -1.38777e0
2.32558e-2 4.65116e-1 -1.42562e0 -1.42562e0
2.32558e-2 4.72868e-1 -1.46331e0 -1.46331e0
2.32558e-2 4.8062e-1 -1.50081e0 -1.50081e0
2.32558e-2 4.88372e-1 -1.53811e0 -1.53811e0
2.32558e-2 4.96124e-1 -1.57517e0 -1.57517e0
2.32558e-2 5.03876e-1 -1.61196e0 -1.61196e0
2.32558e-2 5.11628e-1 -1.64848e0 -1.64848e0
2.32558e-2 5.1938e-1 -1.68469e0 -1.68469e0
2.32558e-2 5.27132e-1 -1.7206e0 -1.7206e0
2.32558e-2 5.34884e-1 -1.75618e0 -1.75618e0
2.32558e-2 5.42636e-1 -1.79143e0 -1.79143e0
2.32558e-2 5.50388e-1 -1.82635e0 -1.82635e0
2.32558e-2 5.5814e-1 -1.86095e0 -1.86095e0
2.32558e-2 5.65891e-1 -1.89523e0 -1.89523e0
2.32558e-2 5.73643e-1 -1.9292e0 -1.9292e0
2.32558e-2 5.81395e-1 -1.96289e0 -1.96289e0
2.32558e-2 5.89147e-1 -1.99633e0 -1.99633e0
2.32558e-2 5.96899e-1 -2.02956e0 -2.02956e0
2.32558e-2 6.04651e-1 -2.06261e0 -2.06261e0
2.32558e-2 6.12403e-1 -2.09554e0 -2.09554e0
2.32558e-2 6.20155e-1 -2.12842e0 -2.12842e0
2.32558e-2 6.27907e-1 -2.16132e0 -2.16132e0
2.32558e-2 6.35659e-1 -2.19432e0 -2.19432e0
2.32558e-2 6.43411e-1 -2.22754e0 -2.22754e0
2.32558e-2 6.51163e-1 -2.26107e0 -2.26107e0
2.32558e-2 6.58915e-1 -2.29506e0 -2.29506e0
2.32558e-2 6.66667e-1 -2.32965e0 -2.32965e0
2.32558e-2 6.74419e-1 -2.365e0 -2.365e0
2.32558e-2 6.82171e-1 -2.4013e0 -2.4013e0
2.32558e-2 6.89922e-1 -2.43876e0 -2.43876e0
2.32558e-2 6.97674e-1 -2.47761e0 -2.47761e0
2.32558e-2 7.05426e-1 -2.51811e0 -2.51811e0
2.32558e-2 7.13178e-1 -2.56054e0 -2.56054e0
2.32558e-2 7.2093e-1 -2.60524e0 -2.60524e0
2.32558e-2 7.28682e-1 -2.65254e0 -2.65254e0
2.32558e-2 7.36434e-1 -2.70285e0 -2.70285e0
2.32558e-2 7.44186e-1 -2.7566e0 -2.7566e0
2.32558e-2 7.51938e-1 -2.81425e0 -2.81425e0
2.32558e-2 7.5969e-1 -2.87634e0 -2.87634e0
2.32558e-2 7.67442e-1 -2.94343e0 -2.94343e0
2.32558e-2 7.75194e-1 -3.01615e0 -3.01615e0
2.32558e-2 7.82946e-1 -3.09518e0 -3.09518e0
2.32558e-2 7.90698e-1 -3.18125e0 -3.18125e0
2.32558e-2 7.9845e-1 -3.27516e0 -3.27516e0
2.32558e-2 8.06202e-1 -3.37774e0 -3.37774e0
2.32558e-2 8.13953e-1 -3.48989e0 -3.48989e0
2.32558e-2 8.21705e-1 -3.61252e0 -3.61252e0
2.32558e-2 8.29457e-1 -3.74656e0 -3.74656e0
2.32558e-2 8.37209e-1 -3.89292e0 -3.89292e0
2.32558e-2 8.44961e-1 -4.05242e0 -4.05242e0
2.32558e-2 8.52713e-1 -4.22572e0 -4.22572e0
2.32558e-2 8.60465e-1 -4.41317e0 -4.41317e0
2.32558e-2 8.68217e-1 -4.61459e0 -4.61459e0
2.32558e-2 8.75969e-1 -4.82893e0 -4.82893e0
2.32558e-2 8.83721e-1 -5.05377e0 -5.05377e0
2.32558e-2 8.91473e-1 -5.2844e0 -5.2844e0
2.32558e-2 8.99225e-1 -5.51249e0 -5.51249e0
2.32558e-2 9.06977e-1 -5.72384e0 -5.72384e0
2.32558e-2 9.14729e-1 -5.89461e0 -5.89461e0
2.32558e-2 9.22481e-1 -5.98508e0 -5.98508e0
2.32558e-2 9.30233e-1 -5.92898e0 -5.92898e0
2.32558e-2 9.37984e-1 -5.61483e0 -5.61483e0
2.32558e-2 9.45736e-1 -4.85302e0 -4.85302e0
2.32558e-2 9.53488e-1 -3.31687e0 -3.31687e0
2.32558e-2 9.6124e-1 -4.37343e-1 -4.37343e-1
2.32558e-2 9.68992e-1 4.77618e0 4.77618e0
2.32558e-2 9.76744e-1 1.39915e1 1.39915e1
2.32558e-2 9.84496e-1 2.96846e1 2.96846e1
2.32558e-2 9.92248e-1 5.40951e1 5.40951e1

3.10078e-2 7.75194e-3 3.96289e-3 3.96289e-3
3.10078e-2 1.55039e-2 -1.34667e-3 -1.34667e-3
3.10078e-2 2.32558e-2 -6.32997e-3 -6.32997e-3
3.10078e-2 3.10078e-2 -1.11645e-2 -1.11645e-2
3.10078e-2 3.87597e-2 -1.60266e-2 -1.60266e-2
3.10078e-2 4.65116e-2 -2.10844e-2 -2.10844e-2
3.10078e-2 5.42636e-2 -2.64905e-2 -2.64905e-2
3.10078e-2 6.20155e-2 -3.23776e-2 -3.23776e-2
3.10078e-2 6.97674e-2 -3.88573e-2 -3.88573e-2
3.10078e-2 7.75194e-2 -4.60213e-2 -4.60213e-2
3.10078e-2 8.52713e-2 -5.39423e-2 -5.39423e-2
3.10078e-2 9.30233e-2 -6.26775e-2 -6.26775e-2
3.10078e-2 1.00775e-1 -7.22701e-2 -7.22701e-2
3.10078e-2 1.08527e-1 -8.27519e-2 -8.27519e-2
3.10078e-2 1.16279e-1 -9.41453e-2 -9.41453e-2
3.10078e-2 1.24031e-1 -1.06465e-1 -1.06465e-1
3.10078e-2 1.31783e-1 -1.19718e-1 -1.19718e-1
3.10078e-2 1.39535e-1 -1.33909e-1 -1.33909e-1
3.10078e-2 1.47287e-1 -1.49036e-1 -1.49036e-1
3.10078e-2 1.55039e-1 -1.65093e-1 -1.65093e-1
3.10078e-2 1.62791e-1 -1.82073e-1 -1.82073e-1
3.10078e-2 1.70543e-1 -1.99967e-1 -1.99967e-1
3.10078e-2 1.78295e-1 -2.18761e-1 -2.18761e-1
3.10078e-2 1.86047e-1 -2.38442e-1 -2.38442e-1
3.10078e-2 1.93798e-1 -2.58994e-1 -2.58994e-1
3.10078e-2 2.0155e-1 -2.80401e-1 -2.80401e-1
3.10078e-2 2.09302e-1 -3.02645e-1 -3.02645e-1
3.10078e-2 2.17054e-1 -3.25708e-1 -3.25708e-1
3.10078e-2 2.24806e-1 -3.4957e-1 -3.4957e-1
3.10078e-2 2.32558e-1 -3.74209e-1 -3.74209e-1
3.10078e-2 2.4031e-1 -3.99606e-1 -3.99606e-1
3.10078e-2 2.48062e-1 -4.25737e-1 -4.25737e-1
3.10078e-2 2.55814e-1 -4.5258e-1 -4.5258e-1
3.10078e-2 2.63566e-1 -4.8011e-1 -4.8011e-1
3.10078e-2 2.71318e-1 -5.08305e-1 -5.08305e-1
3.10078e-2 2.7907e-1 -5.37138e-1 -5.37138e-1
3.10078e-2 2.86822e-1 -5.66583e-1 -5.66583e-1
3.10078e-2 2.94574e-1 -5.96615e-1 -5.96615e-1
3.10078e-2 3.02326e-1 -6.27205e-1 -6.27205e-1
3.10078e-2 3.10078e-1 -6.58326e-1 -6.58326e-1
3.10078e-2 3.17829e-1 -6.8995e-1 -6.8995e-1
3.10078e-2 3.25581e-1 -7.22046e-1 -7.22046e-1
3.10078e-2 3.33333e-1 -7.54586e-1 -7.54586e-1
3.10078e-2 3.41085e-1 -7.87538e-1 -7.87538e-1
3.10078e-2 3.48837e-1 -8.20873e-1 -8.20873e-1
3.10078e-2 3.56589e-1 -8.54558e-1 -8.54558e-1
3.10078e-2 3.64341e-1 -8.88561e-1 -8.88561e-1
3.10078e-2 3.72093e-1 -9.22851e-1 -9.22851e-1
3.10078e-2 3.79845e-1 -9.57395e-1 -9.57395e-1
3.10078e-2 3.87597e-1 -9.9216e-1 -9.9216e-1
3.10078e-2 3.95349e-1 -1.02711e0 -1.02711e0
3.10078e-2 4.03101e-1 -1.06222e0 -1.06222e0
3.10078e-2 4.10853e-1 -1.09745e0 -1.09745e0
3.10078e-2 4.18605e-1 -1.13278e0 -1.13278e0
3.10078e-2 4.26357e-1 -1.16815e0 -1.16815e0
3.10078e-2 4.34109e-1 -1.20356e0 -1.20356e0
3.10078e-2 4.4186e-1 -1.23896e0 -1.23896e0
3.10078e-2 4.49612e-1 -1.27432e0 -1.27432e0
3.10078e-2 4.57364e-1 -1.30962e0 -1.30962e0
3.10078e-2 4.65116e-1 -1.34482e0 -1.34482e0
3.10078e-2 4.72868e-1 -1.3799e0 -1.3799e0
3.10078e-2 4.8062e-1 -1.41483e0 -1.41483e0
3.10078e-2 4.88372e-1 -1.44958e0 -1.44958e0
3.10078e-2 4.96124e-1 -1.48415e0 -1.48415e0
3.10078e-2 5.03876e-1 -1.51849e0 -1.51849e0
3.10078e-2 5.11628e-1 -1.5526e0 -1.5526e0
3.10078e-2 5.1938e-1 -1.58647e0 -1.58647e0
3.10078e-2 5.27132e-1 -1.62007e0 -1.62007e0
3.10078e-2 5.34884e-1 -1.6534e0 -1.6534e0
3.10078e-2 5.42636e-1 -1.68646e0 -1.68646e0
3.10078e-2 5.50388e-1 -1.71923e0 -1.71923e0
3.10078e-2 5.5814e-1 -1.75173e0 -1.75173e0
3.10078e-2 5.65891e-1 -1.78397e0 -1.78397e0
3.10078e-2 5.73643e-1 -1.81595e0 -1.81595e0
3.10078e-2 5.81395e-1 -1.84769e0 -1.84769e0
3.10078e-2 5.89147e-1 -1.87922e0 -1.87922e0
3.10078e-2 5.96899e-1 -1.91057e0 -1.91057e0
3.10078e-2 6.04651e-1 -1.94177e0 -1.94177e0
3.10078e-2 6.12403e-1 -1.97288e0 -1.97288e0
3.10078e-2 6.20155e-1 -2.00394e0 -2.00394e0
3.10078e-2 6.27907e-1 -2.03503e0 -2.03503e0
3.10078e-2 6.35659e-1 -2.06621e0 -2.06621e0
3.10078e-2 6.43411e-1 -2.09757e0 -2.09757e0
3.10078e-2 6.51163e-1 -2.12921e0 -2.12921e0
3.10078e-2 6.58915e-1 -2.16124e0 -2.16124e0
3.10078e-2 6.66667e-1 -2.19378e0 -2.19378e0
3.10078e-2 6.74419e-1 -2.22696e0 -2.22696e0
3.10078e-2 6.82171e-1 -2.26095e0 -2.26095e0
3.10078e-2 6.89922e-1 -2.29591e0 -2.29591e0
3.10078e-2 6.97674e-1 -2.33204e0 -2.33204e0
3.10078e-2 7.05426e-1 -2.36954e0 -2.36954e0
3.10078e-2 7.13178e-1 -2.40864e0 -2.40864e0
3.10078e-2 7.2093e-1 -2.4496e0 -2.4496e0
3.10078e-2 7.28682e-1 -2.49269e0 -2.49269e0
3.10078e-2 7.36434e-1 -2.53822e0 -2.53822e0
3.10078e-2 7.44186e-1 -2.5865e0 -2.5865e0
3.10078e-2 7.51938e-1 -2.63788e0 -2.63788e0
3.10078e-2 7.5969e-1 -2.69274e0 -2.69274e0
3.10078e-2 7.67442e-1 -2.75148e0 -2.75148e0
3.10078e-2 7.75194e-1 -2.8145e0 -2.8145e0
3.10078e-2 7.82946e-1 -2.88223e0 -2.88223e0
3.10078e-2 7.90698e-1 -2.95511e0 -2.95511e0
3.10078e-2 7.9845e-1 -3.03357e0 -3.03357e0
3.10078e-2 8.06202e-1 -3.11802e0 -3.11802e0
3.10078e-2 8.13953e-1 -3.20883e0 -3.20883e0
3.10078e-2 8.21705e-1 -3.30627e0 -3.30627e0
3.10078e-2 8.29457e-1 -3.41052e0 -3.41052e0
3.10078e-2 8.37209e-1 -3.52151e0 -3.52151e0
3.10078e-2 8.44961e-1 -3.63892e0 -3.63892e0
3.10078e-2 8.52713e-1 -3.76195e0 -3.76195e0
3.10078e-2 8.60465e-1 -3.88912e0 -3.88912e0
3.10078e-2 8.68217e-1 -4.018e0 -4.018e0
3.10078e-2 8.75969e-1 -4.14467e0 -4.14467e0
3.10078e-2 8.83721e-1 -4.26304e0 -4.26304e0
3.10078e-2 8.91473e-1 -4.36376e0 -4.36376e0
3.10078e-2 8.99225e-1 -4.43253e0 -4.43253e0
3.10078e-2 9.06977e-1 -4.4475e0 -4.4475e0
3.10078e-2 9.14729e-1 -4.3751e0 -4.3751e0
3.10078e-2 9.22481e-1 -4.16348e0 -4.16348e0
3.10078e-2 9.30233e-1 -3.73173e0 -3.73173e0
3.10078e-2 9.37984e-1 -2.95241e0 -2.95241e0
3.10078e-2 9.45736e-1 -1.62297e0 -1.62297e0
3.10078e-2 9.53488e-1 5.80037e-1 5.80037e-1
3.10078e-2 9.6124e-1 4.16985e0 4.16985e0
3.10078e-2 9.68992e-1 9.9356e0 9.9356e0
3.10078e-2 9.76744e-1 1.89846e1 1.89846e1
3.10078e-2 9.84496e-1 3.25023e1 3.25023e1
3.10078e-2 9.92248e-1 5.05796e1 5.05796e1

3.87597e-2 7.75194e-3 3.90221e-3 3.90221e-3
3.87597e-2 1.55039e-2 -3.15687e-3 -3.15687e-3
3.87597e-2 2.32558e-2 -9.70218e-3 -9.70218e-3
3.87597e-2 3.10078e-2 -1.59363e-2 -1.59363e-2
3.87597e-2 3.87597e-2 -2.20431e-2 -2.20431e-2
3.87597e-2 4.65116e-2 -2.819e-2 -2.819e-2
3.87597e-2 5.42636e-2 -3.45268e-2 -3.45268e-2
3.87597e-2 6.20155e-2 -4.11847e-2 -4.11847e-2
3.87597e-2 6.97674e-2 -4.82757e-2 -4.82757e-2
3.87597e-2 7.75194e-2 -5.58938e-2 -5.58938e-2
3.87597e-2 8.52713e-2 -6.4116e-2 -6.4116e-2
3.87597e-2 9.30233e-2 -7.30045e-2 -7.30045e-2
3.87597e-2 1.00775e-1 -8.26081e-2 -8.26081e-2
3.87597e-2 1.08527e-1 -9.29647e-2 -9.29647e-2
3.87597e-2 1.16279e-1 -1.04102e-1 -1.04102e-1
3.87597e-2 1.24031e-1 -1.16041e-1 -1.16041e-1
3.87597e-2 1.31783e-1 -1.28795e-1 -1.28795e-1
3.87597e-2 1.39535e-1 -1.42372e-1 -1.42372e-1
3.87597e-2 1.47287e-1 -1.56774e-1 -1.56774e-1
3.87597e-2 1.55039e-1 -1.72002e-1 -1.72002e-1
3.87597e-2 1.62791e-1 -1.88051e-1 -1.88051e-1
3.87597e-2 1.70543e-1 -2.04915e-1 -2.04915e-1
3.87597e-2 1.78295e-1 -2.22585e-1 -2.22585e-1
3.87597e-2 1.86047e-1 -2.4105e-1 -2.4105e-1
3.87597e-2 1.93798e-1 -2.60297e-1 -2.60297e-1
3.87597e-2 2.0155e-1 -2.80313e-1 -2.80313e-1
3.87597e-2 2.09302e-1 -3.01082e-1 -3.01082e-1
3.87597e-2 2.17054e-1 -3.22589e-1 -3.22589e-1
3.87597e-2 2.24806e-1 -3.44815e-1 -3.44815e-1
3.87597e-2 2.32558e-1 -3.67743e-1 -3.67743e-1
3.87597e-2 2.4031e-1 -3.91353e-1 -3.91353e-1
3.87597e-2 2.48062e-1 -4.15627e-1 -4.15627e-1
3.87597e-2 2.55814e-1 -4.40542e-1 -4.40542e-1
3.87597e-2 2.63566e-1 -4.66079e-1 -4.66079e-1
3.87597e-2 2.71318e-1 -4.92214e-1 -4.92214e-1
3.87597e-2 2.7907e-1 -5.18927e-1 -5.18927e-1
3.87597e-2 2.86822e-1 -5.46192e-1 -5.46192e-1
3.87597e-2 2.94574e-1 -5.73987e-1 -5.73987e-1
3.87597e-2 3.02326e-1 -6.02287e-1 -6.02287e-1
3.87597e-2 3.10078e-1 -6.31067e-1 -6.31067e-1
3.87597e-2 3.17829e-1 -6.60302e-1 -6.60302e-1
3.87597e-2 3.25581e-1 -6.89965e-1 -6.89965e-1
3.87597e-2 3.33333e-1 -7.20031e-1 -7.20031e-1
3.87597e-2 3.41085e-1 -7.50472e-1 -7.50472e-1
3.87597e-2 3.48837e-1 -7.81261e-1 -7.81261e-1
3.87597e-2 3.56589e-1 -8.1237e-1 -8.1237e-1
3.87597e-2 3.64341e-1 -8.43771e-1 -8.43771e-1
3.87597e-2 3.72093e-1 -8.75435e-1 -8.75435e-1
3.87597e-2 3.79845e-1 -9.07335e-1 -9.07335e-1
3.87597e-2 3.87597e-1 -9.39442e-1 -9.39442e-1
3.87597e-2 3.95349e-1 -9.71726e-1 -9.71726e-1
3.87597e-2 4.03101e-1 -1.00416e0 -1.00416e0
3.87597e-2 4.10853e-1 -1.03671e0 -1.03671e0
3.87597e-2 4.18605e-1 -1.06936e0 -1.06936e0
3.87597e-2 4.26357e-1 -1.10206e0 -1.10206e0
3.87597e-2 4.34109e-1 -1.13481e0 -1.13481e0
3.87597e-2 4.4186e-1 -1.16756e0 -1.16756e0
3.87597e-2 4.49612e-1 -1.20029e0 -1.20029e0
3.87597e-2 4.57364e-1 -1.23298e0 -1.23298e0
3.87597e-2 4.65116e-1 -1.2656e0 -1.2656e0
3.87597e-2 4.72868e-1 -1.29813e0 -1.29813e0
3.87597e-2 4.8062e-1 -1.33054e0 -1.33054e0
3.87597e-2 4.88372e-1 -1.36281e0 -1.36281e0
3.87597e-2 4.96124e-1 -1.39493e0 -1.39493e0
3.87597e-2 5.03876e-1 -1.42687e0 -1.42687e0
3.87597e-2 5.11628e-1 -1.45862e0 -1.45862e0
3.87597e-2 5.1938e-1 -1.49017e0 -1.49017e0
3.87597e-2 5.27132e-1 -1.5215e0 -1.5215e0
3.87597e-2 5.34884e-1 -1.5526e0 -1.5526e0
3.87597e-2 5.42636e-1 -1.58348e0 -1.58348e0
3.87597e-2 5.50388e-1 -1.61413e0 -1.61413e0
3.87597e-2 5.5814e-1 -1.64455e0 -1.64455e0
3.87597e-2 5.65891e-1 -1.67474e0 -1.67474e0
3.87597e-2 5.73643e-1 -1.70472e0 -1.70472e0
3.87597e-2 5.81395e-1 -1.73451e0 -1.73451e0
3.87597e-2 5.89147e-1 -1.76412e0 -1.76412e0
3.87597e-2 5.96899e-1 -1.79357e0 -1.79357e0
3.87597e-2 6.04651e-1 -1.8229e0 -1.8229e0
3.87597e-2 6.12403e-1 -1.85216e0 -1.85216e0
3.87597e-2 6.20155e-1 -1.88137e0 -1.88137e0
3.87597e-2 6.27907e-1 -1.9106e0 -1.9106e0
3.87597e-2 6.35659e-1 -1.93991e0 -1.93991e0
3.87597e-2 6.43411e-1 -1.96937e0 -1.96937e0
3.87597e-2 6.51163e-1 -1.99906e0 -1.99906e0
3.87597e-2 6.58915e-1 -2.02906e0 -2.02906e0
3.87597e-2 6.66667e-1 -2.05948e0 -2.05948e0
3.87597e-2 6.74419e-1 -2.09043e0 -2.09043e0
3.87597e-2 6.82171e-1 -2.12203e0 -2.12203e0
3.87597e-2 6.89922e-1 -2.15442e0 -2.15442e0
3.87597e-2 6.97674e-1 -2.18775e0 -2.18775e0
3.87597e-2 7.05426e-1 -2.22218e0 -2.22218e0
3.87597e-2 7.13178e-1 -2.25788e0 -2.25788e0
3.87597e-2 7.2093e-1 -2.29504e0 -2.29504e0
3.87597e-2 7.28682e-1 -2.33386e0 -2.33386e0
3.87597e-2 7.36434e-1 -2.37456e0 -2.37456e0
3.87597e-2 7.44186e-1 -2.41736e0 -2.41736e0
3.87597e-2 7.51938e-1 -2.46249e0 -2.46249e0
3.87597e-2 7.5969e-1 -2.51017e0 -2.51017e0
3.87597e-2 7.67442e-1 -2.56064e0 -2.56064e0
3.87597e-2 7.75194e-1 -2.61412e0 -2.61412e0
3.87597e-2 7.82946e-1 -2.6708e0 -2.6708e0
3.87597e-2 7.90698e-1 -2.73086e0 -2.73086e0
3.87597e-2 7.9845e-1 -2.79438e0 -2.79438e0
3.87597e-2 8.06202e-1 -2.86141e0 -2.86141e0
3.87597e-2 8.13953e-1 -2.93182e0 -2.93182e0
3.87597e-2 8.21705e-1 -3.00537e0 -3.00537e0
3.87597e-2 8.29457e-1 -3.08152e0 -3.08152e0
3.87597e-2 8.37209e-1 -3.15942e0 -3.15942e0
3.87597e-2 8.44961e-1 -3.23774e0 -3.23774e0
3.87597e-2 8.52713e-1 -3.31446e0 -3.31446e0
3.87597e-2 8.60465e-1 -3.38665e0 -3.38665e0
3.87597e-2 8.68217e-1 -3.45004e0 -3.45004e0
3.87597e-2 8.75969e-1 -3.49846e0 -3.49846e0
3.87597e-2 8.83721e-1 -3.52306e0 -3.52306e0
3.87597e-2 8.91473e-1 -3.51108e0 -3.51108e0
3.87597e-2 8.99225e-1 -3.44406e0 -3.44406e0
3.87597e-2 9.06977e-1 -3.29512e0 -3.29512e0
3.87597e-2 9.14729e-1 -3.02485e0 -3.02485e0
3.87597e-2 9.22481e-1 -2.57501e0 -2.57501e0
3.87597e-2 9.30233e-1 -1.85875e0 -1.85875e0
3.87597e-2 9.37984e-1 -7.45847e-1 -7.45847e-1
3.87597e-2 9.45736e-1 9.59378e-1 9.59378e-1
3.87597e-2 9.53488e-1 3.54881e0 3.54881e0
3.87597e-2 9.6124e-1 7.44645e0 7.44645e0
3.87597e-2 9.68992e-1 1.32285e1 1.32285e1
3.87597e-2 9.76744e-1 2.15579e1 2.15579e1
3.87597e-2 9.84496e-1 3.2859e1 3.2859e1
3.87597e-2 9.92248e-1 4.64134e1 4.64134e1

4.65116e-2 7.75194e-3 3.09435e-3 3.09435e-3
4.65116e-2 1.55039e-2 -5.48089e-3 -5.48089e-3
4.65116e-2 2.32558e-2 -1.33857e-2 -1.33857e-2
4.65116e-2 3.10078e-2 -2.08356e-2 -2.08356e-2
4.65116e-2 3.87597e-2 -2.80197e-2 -2.80197e-2
4.65116e-2 4.65116e-2 -3.51056e-2 -3.51056e-2
4.65116e-2 5.42636e-2 -4.2242e-2 -4.2242e-2
4.65116e-2 6.20155e-2 -4.95585e-2 -4.95585e-2
4.65116e-2 6.97674e-2 -5.71671e-2 -5.71671e-2
4.65116e-2 7.75194e-2 -6.51629e-2 -6.51629e-2
4.65116e-2 8.52713e-2 -7.36254e-2 -7.36254e-2
4.65116e-2 9.30233e-2 -8.262e-2 -8.262e-2
4.65116e-2 1.00775e-1 -9.21997e-2 -9.21997e-2
4.65116e-2 1.08527e-1 -1.02407e-1 -1.02407e-1
4.65116e-2 1.16279e-1 -1.13273e-1 -1.13273e-1
4.65116e-2 1.24031e-1 -1.24824e-1 -1.24824e-1
4.65116e-2 1.31783e-1 -1.37078e-1 -1.37078e-1
4.65116e-2 1.39535e-1 -1.50046e-1 -1.50046e-1
4.65116e-2 1.47287e-1 -1.63736e-1 -1.63736e-1
4.65116e-2 1.55039e-1 -1.7815e-1 -1.7815e-1
4.65116e-2 1.62791e-1 -1.93288e-1 -1.93288e-1
4.65116e-2 1.70543e-1 -2.09147e-1 -2.09147e-1
4.65116e-2 1.78295e-1 -2.2572e-1 -2.2572e-1
4.65116e-2 1.86047e-1 -2.43001e-1 -2.43001e-1
4.65116e-2 1.93798e-1 -2.60978e-1 -2.60978e-1
4.65116e-2 2.0155e-1 -2.79641e-1 -2.79641e-1
4.65116e-2 2.09302e-1 -2.98976e-1 -2.98976e-1
4.65116e-2 2.17054e-1 -3.18971e-1 -3.18971e-1
4.65116e-2 2.24806e-1 -3.39609e-1 -3.39609e-1
4.65116e-2 2.32558e-1 -3.60875e-1 -3.60875e-1
4.65116e-2 2.4031e-1 -3.82753e-1 -3.82753e-1
4.65116e-2 2.48062e-1 -4.05223e-1 -4.05223e-1
4.65116e-2 2.55814e-1 -4.2827e-1 -4.2827e-1
4.65116e-2 2.63566e-1 -4.51873e-1 -4.51873e-1
4.65116e-2 2.71318e-1 -4.76012e-1 -4.76012e-1
4.65116e-2 2.7907e-1 -5.00669e-1 -5.00669e-1
4.65116e-2 2.86822e-1 -5.25822e-1 -5.25822e-1
4.65116e-2 2.94574e-1 -5.5145e-1 -5.5145e-1
4.65116e-2 3.02326e-1 -5.77531e-1 -5.77531e-1
4.65116e-2 3.10078e-1 -6.04044e-1 -6.04044e-1
4.65116e-2 3.17829e-1 -6.30966e-1 -6.30966e-1
4.65116e-2 3.25581e-1 -6.58273e-1 -6.58273e-1
4.65116e-2 3.33333e-1 -6.85943e-1 -6.85943e-1
4.65116e-2 3.41085e-1 -7.13952e-1 -7.13952e-1
4.65116e-2 3.48837e-1 -7.42276e-1 -7.42276e-1
4.65116e-2 3.56589e-1 -7.70891e-1 -7.70891e-1
4.65116e-2 3.64341e-1 -7.99771e-1 -7.99771e-1
4.65116e-2 3.72093e-1 -8.28893e-1 -8.28893e-1
4.65116e-2 3.79845e-1 -8.58231e-1 -8.58231e-1
4.65116e-2 3.87597e-1 -8.87762e-1 -8.87762e-1
4.65116e-2 3.95349e-1 -9.17458e-1 -9.17458e-1
4.65116e-2 4.03101e-1 -9.47297e-1 -9.47297e-1
4.65116e-2 4.10853e-1 -9.77252e-1 -9.77252e-1
4.65116e-2 4.18605e-1 -1.0073e0 -1.0073e0
4.65116e-2 4.26357e-1 -1.03741e0 -1.03741e0
4.65116e-2 4.34109e-1 -1.06757e0 -1.06757e0
4.65116e-2 4.4186e-1 -1.09775e0 -1.09775e0
4.65116e-2 4.49612e-1 -1.12793e0 -1.12793e0
4.65116e-2 4.57364e-1 -1.15808e0 -1.15808e0
4.65116e-2 4.65116e-1 -1.18819e0 -1.18819e0
4.65116e-2 4.72868e-1 -1.21822e0 -1.21822e0
4.65116e-2 4.8062e-1 -1.24817e0 -1.24817e0
4.65116e-2 4.88372e-1 -1.27802e0 -1.27802e0
4.65116e-2 4.96124e-1 -1.30774e0 -1.30774e0
4.65116e-2 5.03876e-1 -1.33733e0 -1.33733e0
4.65116e-2 5.11628e-1 -1.36676e0 -1.36676e0
4.65116e-2 5.1938e-1 -1.39603e0 -1.39603e0
4.65116e-2 5.27132e-1 -1.42512e0 -1.42512e0
4.65116e-2 5.34884e-1 -1.45404e0 -1.45404e0
4.65116e-2 5.42636e-1 -1.48276e0 -1.48276e0
4.65116e-2 5.50388e-1 -1.5113e0 -1.5113e0
4.65116e-2 5.5814e-1 -1.53965e0 -1.53965e0
4.65116e-2 5.65891e-1 -1.56782e0 -1.56782e0
4.65116e-2 5.73643e-1 -1.59581e0 -1.59581e0
4.65116e-2 5.81395e-1 -1.62364e0 -1.62364e0
4.65116e-2 5.89147e-1 -1.65132e0 -1.65132e0
4.65116e-2 5.96899e-1 -1.67888e0 -1.67888e0
4.65116e-2 6.04651e-1 -1.70633e0 -1.70633e0
4.65116e-2 6.12403e-1 -1.73371e0 -1.73371e0
4.65116e-2 6.20155e-1 -1.76106e0 -1.76106e0
4.65116e-2 6.27907e-1 -1.78841e0 -1.78841e0
4.65116e-2 6.35659e-1 -1.81582e0 -1.81582e0
4.65116e-2 6.43411e-1 -1.84335e0 -1.84335e0
4.65116e-2 6.51163e-1 -1.87105e0 -1.87105e0
4.65116e-2 6.58915e-1 -1.899e0 -1.899e0
4.65116e-2 6.66667e-1 -1.92727e0 -1.92727e0
4.65116e-2 6.74419e-1 -1.95595e0 -1.95595e0
4.65116e-2 6.82171e-1 -1.98514e0 -1.98514e0
4.65116e-2 6.89922e-1 -2.01493e0 -2.01493e0
4.65116e-2 6.97674e-1 -2.04544e0 -2.04544e0
4.65116e-2 7.05426e-1 -2.07679e0 -2.07679e0
4.65116e-2 7.13178e-1 -2.10909e0 -2.10909e0
4.65116e-2 7.2093e-1 -2.14248e0 -2.14248e0
4.65116e-2 7.28682e-1 -2.17708e0 -2.17708e0
4.65116e-2 7.36434e-1 -2.21303e0 -2.21303e0
4.65116e-2 7.44186e-1 -2.25045e0 -2.25045e0
4.65116e-2 7.51938e-1 -2.28947e0 -2.28947e0
4.65116e-2 7.5969e-1 -2.33019e0 -2.33019e0
4.65116e-2 7.67442e-1 -2.37269e0 -2.37269e0
4.65116e-2 7.75194e-1 -2.41702e0 -2.41702e0
4.65116e-2 7.82946e-1 -2.46316e0 -2.46316e0
4.65116e-2 7.90698e-1 -2.51103e0 -2.51103e0
4.65116e-2 7.9845e-1 -2.56046e0 -2.56046e0
4.65116e-2 8.06202e-1 -2.61113e0 -2.61113e0
4.65116e-2 8.13953e-1 -2.66254e0 -2.66254e0
